[[0.429932,0.989021],
[0.419189,0.971573],
[0.426270,0.982956],
[0.285400,0.184570],
[0.281494,0.209473],
[0.275879,0.197754],
[0.245117,0.211426],
[0.250244,0.238281],
[0.229614,0.238281],
[0.252441,0.196289],
[0.204834,0.283203],
[0.179932,0.238281],
[0.204834,0.238770],
[0.223511,0.205078],
[0.231445,0.184570],
[0.238281,0.182129],
[0.243774,0.181641],
[0.242310,0.175781],
[0.245728,0.180664],
[0.220825,0.185059],
[0.226318,0.167480],
[0.237427,0.171387],
[0.242676,0.172363],
[0.239746,0.169434],
[0.244629,0.170410],
[0.241699,0.168457],
[0.248413,0.170898],
[0.244873,0.166504],
[0.232178,0.166992],
[0.235718,0.160645],
[0.235962,0.164551],
[0.257080,0.163574],
[0.254395,0.157227],
[0.285156,0.166016],
[0.248169,0.150391],
[0.274902,0.152344],
[0.230347,0.151367],
[0.225586,0.142578],
[0.236084,0.139648],
[0.228516,0.133301],
[0.220459,0.133301],
[0.207764,0.131836],
[0.215820,0.137695],
[0.208862,0.137695],
[0.218994,0.145996],
[0.215942,0.138184],
[0.221924,0.156250],
[0.210815,0.147949],
[0.208984,0.137695],
[0.204834,0.148438],
[0.204834,0.137695],
[0.200562,0.137695],
[0.201782,0.131836],
[0.200684,0.137695],
[0.217407,0.168457],
[0.212769,0.157227],
[0.204834,0.157715],
[0.198730,0.147949],
[0.193726,0.138184],
[0.189453,0.133301],
[0.196167,0.132813],
[0.193726,0.137695],
[0.192627,0.131348],
[0.192505,0.130859],
[0.189209,0.133301],
[0.190552,0.145996],
[0.196777,0.157227],
[0.204834,0.167480],
[0.183960,0.142578],
[0.181030,0.133301],
[0.187622,0.156250],
[0.192139,0.168457],
[0.204834,0.184082],
[0.204834,0.204590],
[0.188721,0.185059],
[0.183228,0.167480],
[0.179199,0.151367],
[0.186035,0.205078],
[0.178101,0.184570],
[0.171265,0.182129],
[0.172119,0.171387],
[0.156982,0.196289],
[0.164429,0.211426],
[0.133545,0.197754],
[0.110535,0.187012],
[0.133667,0.170410],
[0.124207,0.184570],
[0.128052,0.209473],
[0.159180,0.238281],
[0.127563,0.258789],
[0.142578,0.247559],
[0.111816,0.225586],
[0.124390,0.237305],
[0.105408,0.242676],
[0.095947,0.244629],
[0.067139,0.240234],
[0.063171,0.223145],
[0.076355,0.184570],
[0.124451,0.166016],
[0.096863,0.261719],
[0.081116,0.261230],
[0.073364,0.250488],
[0.051361,0.270508],
[0.097229,0.267090],
[0.094482,0.264160],
[0.069885,0.316406],
[0.055481,0.299316],
[0.063599,0.296875],
[0.060333,0.272949],
[0.073486,0.279785],
[0.091431,0.270996],
[0.099854,0.270020],
[0.118103,0.273438],
[0.102234,0.267090],
[0.096802,0.281738],
[0.086121,0.334961],
[0.077331,0.326172],
[0.085998,0.327148],
[0.072815,0.334473],
[0.077515,0.317383],
[0.075073,0.296387],
[0.094177,0.295898],
[0.114014,0.289063],
[0.108643,0.300781],
[0.089966,0.319336],
[0.099304,0.322754],
[0.132446,0.283203],
[0.124878,0.312500],
[0.103943,0.328125],
[0.083374,0.341797],
[0.073059,0.340820],
[0.061676,0.319824],
[0.209839,0.127930],
[0.208984,0.123047],
[0.210205,0.124512],
[0.204834,0.121094],
[0.215088,0.125488],
[0.209106,0.123047],
[0.213013,0.128906],
[0.207886,0.131348],
[0.209351,0.127441],
[0.204834,0.125000],
[0.200562,0.123047],
[0.194580,0.125488],
[0.199341,0.124512],
[0.196533,0.128906],
[0.200439,0.123047],
[0.199707,0.127930],
[0.200195,0.127441],
[0.204834,0.129883],
[0.198975,0.129883],
[0.198364,0.129395],
[0.198730,0.130859],
[0.201660,0.131348],
[0.197632,0.131348],
[0.196289,0.132813],
[0.193848,0.130859],
[0.193848,0.130371],
[0.196777,0.130371],
[0.197632,0.129883],
[0.196899,0.130371],
[0.198242,0.129395],
[0.198242,0.108887],
[0.204834,0.113281],
[0.204224,0.114258],
[0.193481,0.115723],
[0.183838,0.119141],
[0.179688,0.126953],
[0.173462,0.139648],
[0.166260,0.127441],
[0.175171,0.112305],
[0.190430,0.107422],
[0.191040,0.105469],
[0.179321,0.104980],
[0.179199,0.104492],
[0.163208,0.108398],
[0.163208,0.108887],
[0.163208,0.107910],
[0.179199,0.104004],
[0.191162,0.104004],
[0.191040,0.104492],
[0.198975,0.106934],
[0.191528,0.102539],
[0.199707,0.104980],
[0.199341,0.105957],
[0.199219,0.106445],
[0.204834,0.111816],
[0.210571,0.106934],
[0.211304,0.108887],
[0.204834,0.111328],
[0.210327,0.106445],
[0.210205,0.105957],
[0.204834,0.108887],
[0.209839,0.104980],
[0.218384,0.104004],
[0.218506,0.104492],
[0.209595,0.104004],
[0.204834,0.106445],
[0.199951,0.104004],
[0.218506,0.105469],
[0.230347,0.104492],
[0.230347,0.104004],
[0.218018,0.102539],
[0.230103,0.102539],
[0.246338,0.107422],
[0.246338,0.107910],
[0.250977,0.108887],
[0.251709,0.109863],
[0.250732,0.108398],
[0.253906,0.110352],
[0.246338,0.106934],
[0.229736,0.101563],
[0.217773,0.102051],
[0.256836,0.111816],
[0.253662,0.108887],
[0.256104,0.108887],
[0.249146,0.106934],
[0.249756,0.106445],
[0.229126,0.100586],
[0.228760,0.099609],
[0.217651,0.100586],
[0.256348,0.108887],
[0.249878,0.105957],
[0.257813,0.108398],
[0.204834,0.105957],
[0.217896,0.101563],
[0.229980,0.101563],
[0.248901,0.107422],
[0.251465,0.108398],
[0.251709,0.108887],
[0.159668,0.105957],
[0.180786,0.099609],
[0.159790,0.106445],
[0.180420,0.100586],
[0.191895,0.100586],
[0.191772,0.101563],
[0.204834,0.103516],
[0.217773,0.098633],
[0.228760,0.099121],
[0.204834,0.101563],
[0.191772,0.098145],
[0.204834,0.100586],
[0.217773,0.098145],
[0.228638,0.098633],
[0.250000,0.105469],
[0.250488,0.101563],
[0.229980,0.093262],
[0.245972,0.064941],
[0.204834,0.070801],
[0.163574,0.064941],
[0.204834,0.048828],
[0.233643,0.078125],
[0.217285,0.090820],
[0.218140,0.097168],
[0.179565,0.093262],
[0.159058,0.101563],
[0.175903,0.078125],
[0.204834,0.081055],
[0.215942,0.084961],
[0.204834,0.094727],
[0.204834,0.099609],
[0.191406,0.097168],
[0.192261,0.090820],
[0.193604,0.084961],
[0.181030,0.098633],
[0.180786,0.099121],
[0.191772,0.098633],
[0.159546,0.105469],
[0.152710,0.049805],
[0.204834,0.032715],
[0.137451,0.097656],
[0.147949,0.107422],
[0.151611,0.108398],
[0.125244,0.080078],
[0.145508,0.029297],
[0.125854,0.112793],
[0.146484,0.113770],
[0.151367,0.112793],
[0.153076,0.108887],
[0.160400,0.106934],
[0.153442,0.108887],
[0.179565,0.101563],
[0.160767,0.107422],
[0.155762,0.108887],
[0.152710,0.111816],
[0.152344,0.112305],
[0.155640,0.110352],
[0.157959,0.108398],
[0.157837,0.108887],
[0.158813,0.108398],
[0.135498,0.121582],
[0.151367,0.116699],
[0.158081,0.110840],
[0.157715,0.110352],
[0.157837,0.109863],
[0.158447,0.108887],
[0.156128,0.117188],
[0.163208,0.107422],
[0.179443,0.102539],
[0.163208,0.106934],
[0.179810,0.101563],
[0.191772,0.102051],
[0.867188,0.906372],
[0.887207,0.879517],
[0.905273,0.898254],
[0.867676,0.917480],
[0.907227,0.924500],
[0.863770,0.925354],
[0.886719,0.944214],
[0.857910,0.928772],
[0.858887,0.952637],
[0.829590,0.946686],
[0.852051,0.925903],
[0.848145,0.917603],
[0.809570,0.924561],
[0.848633,0.907227],
[0.809082,0.897461],
[0.852051,0.898315],
[0.832520,0.878357],
[0.857422,0.895874],
[0.857910,0.872681],
[0.863281,0.898499],
[0.873535,0.894836],
[0.908691,0.899109],
[0.884277,0.907043],
[0.889160,0.878113],
[0.854980,0.914490],
[0.826172,0.906982],
[0.836914,0.894836],
[0.854980,0.890503],
[0.857910,0.870117],
[0.890137,0.877380],
[0.909668,0.898804],
[0.909668,0.925293],
[0.908691,0.925049],
[0.857910,0.869141],
[0.910156,0.854980],
[0.944336,0.891296],
[0.944336,0.936157],
[0.910156,0.972412],
[0.890137,0.946716],
[0.854492,0.985329],
[0.857910,0.954987],
[0.889160,0.945923],
[0.857910,0.954010],
[0.825195,0.946930],
[0.826172,0.946136],
[0.805176,0.925415],
[0.806152,0.925110],
[0.805176,0.898743],
[0.806152,0.899048],
[0.825195,0.877197],
[0.826172,0.877991],
[0.825684,0.921997],
[0.837402,0.933899],
[0.855469,0.938629],
[0.884766,0.921997],
[0.873047,0.933838],
[0.803711,0.970551],
[0.772949,0.935120],
[0.773438,0.891663],
[0.803223,0.857544],
[0.854980,0.841064],
[0.934570,0.917969],
[0.938477,0.919189],
[0.934570,0.920410],
[0.936035,0.915955],
[0.938477,0.915283],
[0.940918,0.915955],
[0.942383,0.917969],
[0.942383,0.920410],
[0.940918,0.922363],
[0.936035,0.922363],
[0.938477,0.923157],
[0.938477,0.923645],
[0.941406,0.922791],
[0.943359,0.920593],
[0.942871,0.917786],
[0.941406,0.915527],
[0.938477,0.914673],
[0.936035,0.915527],
[0.934082,0.917786],
[0.934082,0.920593],
[0.936035,0.922791],
[0.865234,0.267578],
[0.867188,0.289063],
[0.867188,0.288574],
[0.867676,0.314453],
[0.866699,0.313965],
[0.866211,0.345703],
[0.865234,0.345215],
[0.864746,0.287109],
[0.864746,0.305664],
[0.863281,0.324707],
[0.862793,0.324707],
[0.860840,0.344238],
[0.860352,0.344238],
[0.866211,0.288086],
[0.868164,0.307617],
[0.868652,0.328125],
[0.868164,0.328125],
[0.868652,0.349121],
[0.868164,0.349121],
[0.862793,0.309570],
[0.858398,0.321289],
[0.857910,0.321289],
[0.853516,0.333984],
[0.853027,0.333984],
[0.867676,0.297852],
[0.870605,0.315918],
[0.870117,0.315918],
[0.875000,0.336426],
[0.874023,0.336426],
[0.869141,0.288574],
[0.868652,0.308105],
[0.866211,0.327637],
[0.865723,0.327148],
[0.861816,0.346680],
[0.860840,0.346680],
[0.873047,0.263184],
[0.871094,0.280762],
[0.869629,0.301758],
[0.869141,0.301758],
[0.870605,0.324219],
[0.870117,0.323730],
[0.872559,0.358398],
[0.871582,0.357910],
[0.868652,0.329102],
[0.871094,0.309082],
[0.869141,0.329102],
[0.870605,0.309082],
[0.873047,0.290039],
[0.872559,0.290039],
[0.876953,0.272461],
[0.775879,0.330078],
[0.755371,0.315430],
[0.752441,0.329590],
[0.772949,0.315918],
[0.762695,0.291504],
[0.769043,0.291992],
[0.956543,0.649658],
[0.931641,0.651855],
[0.930664,0.649902],
[0.871094,0.328613],
[0.871094,0.308105],
[0.871582,0.328613],
[0.870605,0.308105],
[0.870605,0.288574],
[0.870117,0.288574],
[0.872070,0.270508],
[0.955078,0.651123],
[0.870605,0.325195],
[0.870117,0.304688],
[0.871094,0.325195],
[0.869629,0.304688],
[0.869629,0.285156],
[0.869141,0.285156],
[0.870605,0.266602],
[0.900391,0.649902],
[0.900391,0.648438],
[0.861816,0.308594],
[0.861328,0.292969],
[0.862305,0.308594],
[0.860840,0.292969],
[0.859375,0.278809],
[0.860352,0.323242],
[0.865234,0.304688],
[0.860840,0.323242],
[0.864258,0.304688],
[0.867676,0.288574],
[0.881836,0.653809],
[0.881348,0.650146],
[0.875488,0.334473],
[0.872559,0.312988],
[0.876465,0.333984],
[0.871582,0.312988],
[0.870605,0.291992],
[0.870117,0.291992],
[0.870605,0.271973],
[0.865234,0.331055],
[0.865234,0.310059],
[0.866211,0.331055],
[0.864746,0.310059],
[0.865234,0.290527],
[0.863770,0.352539],
[0.866211,0.318848],
[0.864746,0.352539],
[0.865723,0.318848],
[0.866699,0.296875],
[0.866211,0.296875],
[0.865234,0.275879],
[0.864746,0.275879],
[0.862793,0.257813],
[0.875000,0.354004],
[0.871582,0.320801],
[0.875488,0.354004],
[0.871094,0.320801],
[0.869141,0.293945],
[0.868652,0.293945],
[0.869141,0.272461],
[0.761719,0.330078],
[0.750000,0.304688],
[0.759277,0.309570],
[0.742676,0.330078],
[0.776855,0.330078],
[0.789551,0.309082],
[0.778809,0.312988],
[0.797852,0.330078],
[0.762695,0.330078],
[0.750000,0.305664],
[0.743652,0.330078],
[0.782715,0.328613],
[0.754395,0.293457],
[0.746582,0.328613],
[0.776367,0.293457],
[0.767578,0.330078],
[0.780762,0.306641],
[0.769531,0.311035],
[0.789063,0.330078],
[0.781738,0.330078],
[0.748535,0.292969],
[0.748047,0.330078],
[0.771973,0.292969],
[0.787109,0.330078],
[0.748047,0.292969],
[0.751953,0.330078],
[0.779785,0.292480],
[0.793945,0.330078],
[0.753418,0.292480],
[0.744629,0.330078],
[0.787109,0.292480],
[0.753418,0.330078],
[0.777832,0.291992],
[0.757324,0.291992],
[0.783203,0.330078],
[0.731445,0.330078],
[0.759766,0.291504],
[0.732422,0.291992],
[0.761230,0.330078],
[0.735352,0.330078],
[0.772461,0.291992],
[0.746582,0.291992],
[0.773438,0.330078],
[0.753418,0.313477],
[0.764160,0.291992],
[0.757813,0.291992],
[0.770020,0.313477],
[0.748535,0.330078],
[0.769043,0.330566],
[0.031067,0.621582],
[0.101807,0.689453],
[0.011124,0.689941],
[0.090027,0.608398],
[0.038086,0.567383],
[0.081909,0.560303],
[0.044464,0.511475],
[0.058838,0.506348],
[0.077942,0.509521],
[0.135498,0.556152],
[0.175049,0.603516],
[0.217163,0.690430],
[0.865234,0.550293],
[0.884277,0.566406],
[0.873047,0.562012],
[0.748535,0.272461],
[0.761230,0.247559],
[0.757324,0.247559],
[0.755859,0.272949],
[0.770996,0.272949],
[0.772949,0.246582],
[0.769043,0.249023],
[0.778809,0.272949],
[0.763184,0.272949],
[0.765137,0.249023],
[0.615234,0.347656],
[0.614746,0.350586],
[0.613281,0.347656],
[0.611328,0.347656],
[0.610352,0.365723],
[0.629395,0.347656],
[0.627441,0.366699],
[0.622070,0.347656],
[0.619141,0.347656],
[0.617676,0.347656],
[0.615723,0.347656],
[0.616699,0.347656],
[0.625488,0.375977],
[0.584473,0.400879],
[0.628418,0.370117],
[0.643066,0.369141],
[0.654785,0.386230],
[0.544434,0.448242],
[0.584961,0.497559],
[0.542480,0.484863],
[0.588379,0.467285],
[0.552246,0.428711],
[0.592773,0.437988],
[0.625977,0.403809],
[0.656738,0.413574],
[0.683105,0.421387],
[0.629883,0.439941],
[0.663086,0.447266],
[0.693848,0.451172],
[0.627441,0.499512],
[0.666016,0.512939],
[0.706543,0.510986],
[0.719238,0.460938],
[0.717285,0.430664],
[0.750000,0.459473],
[0.742188,0.430664],
[0.661621,0.537598],
[0.706543,0.535889],
[0.724609,0.499512],
[0.758789,0.486816],
[0.783691,0.452148],
[0.792480,0.468262],
[0.814941,0.432129],
[0.812012,0.419922],
[0.821777,0.409180],
[0.824219,0.418457],
[0.832031,0.427734],
[0.772949,0.424316],
[0.814453,0.410156],
[0.825195,0.398438],
[0.869629,0.395020],
[0.872070,0.404785],
[0.871582,0.417480],
[0.812500,0.396484],
[0.830078,0.388184],
[0.869629,0.384277],
[0.923828,0.389648],
[0.921387,0.397461],
[0.920410,0.410645],
[0.935059,0.408691],
[0.933594,0.416992],
[0.949707,0.410156],
[0.874023,0.427734],
[0.920410,0.420410],
[0.927734,0.379883],
[0.944336,0.382813],
[0.941406,0.391113],
[0.937988,0.398438],
[0.948730,0.401855],
[0.958984,0.401855],
[0.954102,0.412109],
[0.964844,0.402344],
[0.960449,0.410156],
[0.955078,0.416992],
[0.965332,0.411133],
[0.965332,0.410156],
[0.972656,0.403809],
[0.968750,0.395508],
[0.975098,0.404297],
[0.970215,0.394043],
[0.972168,0.414063],
[0.978027,0.405273],
[0.993164,0.415527],
[0.979980,0.406738],
[0.995605,0.414551],
[0.996582,0.412109],
[0.996582,0.408691],
[0.993652,0.407227],
[0.979004,0.403809],
[0.990234,0.405273],
[0.981934,0.402832],
[0.980469,0.394531],
[0.980957,0.395020],
[0.982422,0.397461],
[0.991211,0.401367],
[0.992188,0.402344],
[0.992676,0.401855],
[0.998047,0.397949],
[0.997070,0.393066],
[0.988770,0.392090],
[0.985352,0.387695],
[0.984375,0.388672],
[0.979004,0.388184],
[0.980957,0.391113],
[0.977051,0.386719],
[0.985840,0.390625],
[0.980469,0.393066],
[0.973145,0.384277],
[0.986328,0.386719],
[0.961426,0.384766],
[0.951172,0.392090],
[0.958984,0.391113],
[0.963867,0.394531],
[0.887695,0.555176],
[0.886719,0.796143],
[0.861816,0.789307],
[0.904297,0.792603],
[0.872070,0.795898],
[0.913574,0.792603],
[0.902832,0.808228],
[0.886719,0.803833],
[0.868652,0.805054],
[0.861816,0.807861],
[0.849121,0.809937],
[0.846680,0.793335],
[0.814941,0.810791],
[0.882324,0.807129],
[0.823730,0.832031],
[0.852539,0.825317],
[0.863281,0.821899],
[0.868652,0.819946],
[0.872070,0.806519],
[0.882324,0.812134],
[0.885254,0.814331],
[0.871582,0.815430],
[0.900391,0.816406],
[0.911133,0.811890],
[0.924805,0.805542],
[0.925293,0.814941],
[0.932129,0.813110],
[0.937500,0.803223],
[0.944336,0.809326],
[0.959473,0.798340],
[0.921387,0.820557],
[0.909668,0.819580],
[0.928223,0.797607],
[0.924316,0.790039],
[0.915039,0.774414],
[0.904297,0.774658],
[0.863281,0.777222],
[0.845703,0.779419],
[0.861328,0.759277],
[0.841797,0.760742],
[0.904785,0.756104],
[0.915527,0.755981],
[0.928711,0.754517],
[0.931152,0.739746],
[0.932617,0.748291],
[0.942383,0.744629],
[0.943848,0.738281],
[0.904297,0.737793],
[0.915527,0.736084],
[0.937012,0.736328],
[0.954102,0.733154],
[0.953613,0.735596],
[0.958984,0.741211],
[0.957031,0.740479],
[0.955566,0.740723],
[0.954590,0.741699],
[0.950684,0.738037],
[0.954102,0.737305],
[0.947754,0.738037],
[0.952637,0.743164],
[0.964355,0.743408],
[0.947266,0.752441],
[0.966309,0.748047],
[0.946777,0.754272],
[0.962402,0.756104],
[0.948242,0.755859],
[0.969238,0.769653],
[0.955078,0.772339],
[0.950195,0.772583],
[0.955566,0.774414],
[0.934082,0.774048],
[0.941406,0.749023],
[0.944824,0.753052],
[0.932129,0.754883],
[0.945801,0.756348],
[0.943359,0.790039],
[0.929199,0.790283],
[0.928711,0.774536],
[0.937012,0.798462],
[0.942383,0.793823],
[0.950195,0.775879],
[0.947266,0.791260],
[0.944824,0.792969],
[0.944336,0.794434],
[0.958496,0.795654],
[0.963379,0.793335],
[0.968262,0.777588],
[0.954590,0.776611],
[0.966797,0.773804],
[0.892090,0.575928],
[0.901367,0.569336],
[0.901367,0.577393],
[0.701172,0.258301],
[0.707520,0.235352],
[0.727539,0.234863],
[0.690430,0.257324],
[0.666992,0.258301],
[0.677246,0.295898],
[0.667480,0.297852],
[0.677734,0.257324],
[0.660156,0.235352],
[0.684082,0.256836],
[0.684082,0.234375],
[0.684082,0.294434],
[0.690918,0.295898],
[0.700195,0.297852],
[0.968262,0.418945],
[0.974609,0.421387],
[0.973145,0.421875],
[0.971680,0.417969],
[0.971680,0.416504],
[0.965332,0.418945],
[0.972656,0.422363],
[0.976563,0.421875],
[0.961426,0.418945],
[0.970703,0.424316],
[0.981934,0.424316],
[0.980469,0.437012],
[0.964844,0.435059],
[0.983887,0.428711],
[0.964844,0.433105],
[0.959961,0.425293],
[0.949219,0.420410],
[0.984375,0.455078],
[0.972656,0.452637],
[0.987305,0.450195],
[0.965820,0.437012],
[0.949707,0.435547],
[0.962402,0.434082],
[0.958984,0.430176],
[0.950684,0.429199],
[0.946777,0.435547],
[0.946289,0.455078],
[0.932617,0.455566],
[0.941406,0.471191],
[0.933105,0.437012],
[0.921387,0.437988],
[0.920898,0.455566],
[0.883301,0.477051],
[0.878418,0.461914],
[0.920898,0.473633],
[0.930664,0.473633],
[0.942383,0.486816],
[0.874023,0.443848],
[0.840820,0.448242],
[0.845215,0.460938],
[0.853516,0.479004],
[0.856445,0.497559],
[0.887695,0.491699],
[0.822754,0.451660],
[0.827637,0.464355],
[0.839844,0.480469],
[0.848633,0.498535],
[0.827637,0.507813],
[0.807617,0.495605],
[0.796875,0.484375],
[0.764160,0.502197],
[0.733887,0.518066],
[0.781738,0.509277],
[0.756348,0.523926],
[0.750000,0.537109],
[0.795898,0.530762],
[0.793457,0.541504],
[0.811035,0.519287],
[0.678711,0.714600],
[0.646484,0.671631],
[0.676758,0.677734],
[0.651367,0.637451],
[0.692383,0.639160],
[0.653320,0.600098],
[0.694824,0.605957],
[0.660156,0.558594],
[0.704102,0.567139],
[0.743652,0.574951],
[0.775879,0.581543],
[0.781738,0.541504],
[0.720215,0.675293],
[0.725098,0.642334],
[0.733398,0.609131],
[0.766602,0.613525],
[0.761719,0.640869],
[0.762207,0.668213],
[0.764648,0.695313],
[0.754883,0.697754],
[0.759766,0.697754],
[0.717285,0.707520],
[0.800293,0.714600],
[0.787109,0.701660],
[0.808594,0.701904],
[0.762207,0.717041],
[0.773438,0.699219],
[0.754395,0.716064],
[0.744141,0.727051],
[0.713379,0.729248],
[0.715332,0.750000],
[0.741699,0.751099],
[0.854492,0.716797],
[0.904297,0.727539],
[0.854492,0.729004],
[0.837891,0.728760],
[0.837891,0.716797],
[0.798340,0.727295],
[0.761719,0.729492],
[0.764648,0.750000],
[0.884277,0.710693],
[0.865234,0.706055],
[0.887695,0.706299],
[0.908203,0.707520],
[0.904785,0.715820],
[0.865723,0.710938],
[0.854004,0.706543],
[0.839355,0.706299],
[0.923828,0.709717],
[0.919922,0.717529],
[0.931641,0.720947],
[0.934082,0.711182],
[0.916992,0.727783],
[0.932129,0.729980],
[0.941406,0.720947],
[0.940918,0.710205],
[0.943359,0.704102],
[0.952637,0.713379],
[0.962402,0.713379],
[0.959961,0.724121],
[0.961426,0.723145],
[0.937012,0.730957],
[0.947266,0.721680],
[0.945801,0.713623],
[0.950684,0.714600],
[0.957031,0.723633],
[0.955078,0.722900],
[0.947266,0.729248],
[0.942871,0.729004],
[0.947266,0.730469],
[0.962402,0.726074],
[0.975098,0.734619],
[0.968750,0.735840],
[0.969727,0.738281],
[0.971680,0.732910],
[0.958984,0.732422],
[0.955566,0.732666],
[0.970215,0.739746],
[0.963379,0.729004],
[0.978027,0.733887],
[0.978516,0.730957],
[0.978516,0.727783],
[0.976074,0.726318],
[0.974609,0.721191],
[0.973633,0.720703],
[0.964844,0.716553],
[0.962891,0.714355],
[0.974609,0.720947],
[0.972656,0.724609],
[0.963867,0.721680],
[0.979980,0.717529],
[0.966797,0.707764],
[0.970703,0.711426],
[0.968262,0.709717],
[0.962402,0.711914],
[0.955566,0.703369],
[0.979004,0.712158],
[0.967773,0.707031],
[0.960938,0.707031],
[0.963379,0.710205],
[0.958984,0.705811],
[0.968750,0.705811],
[0.499023,0.214844],
[0.532715,0.288574],
[0.499023,0.288574],
[0.499023,0.359863],
[0.535156,0.356445],
[0.561523,0.288574],
[0.525879,0.214844],
[0.554199,0.214844],
[0.521973,0.144043],
[0.549316,0.144043],
[0.521973,0.068359],
[0.499023,0.068359],
[0.499023,0.024414],
[0.499023,0.144043],
[0.524902,0.028809],
[0.542969,0.068359],
[0.577148,0.144043],
[0.581055,0.214844],
[0.587402,0.288574],
[0.563477,0.353027],
[0.592285,0.346191],
[0.534668,0.027832],
[0.562988,0.068359],
[0.548828,0.028320],
[0.609863,0.214844],
[0.604980,0.144043],
[0.581543,0.068359],
[0.563965,0.022949],
[0.531738,0.012695],
[0.499023,0.390137],
[0.549805,0.400391],
[0.612305,0.333984],
[0.616699,0.288574],
[0.445557,0.428711],
[0.447998,0.400391],
[0.499023,0.413574],
[0.499023,0.436523],
[0.499023,0.471680],
[0.545410,0.537109],
[0.499023,0.526123],
[0.543457,0.573730],
[0.538574,0.641602],
[0.570313,0.687256],
[0.535645,0.673828],
[0.575195,0.650879],
[0.540527,0.607178],
[0.574707,0.614990],
[0.575684,0.580078],
[0.581055,0.541748],
[0.616699,0.661865],
[0.614746,0.627686],
[0.617676,0.591553],
[0.618652,0.548828],
[0.618652,0.522461],
[0.644531,0.706787],
[0.711914,0.813354],
[0.720215,0.839844],
[0.686523,0.829346],
[0.682617,0.793579],
[0.646973,0.815063],
[0.675293,0.761353],
[0.638184,0.766479],
[0.642090,0.732666],
[0.677734,0.730957],
[0.725586,0.776489],
[0.748047,0.771362],
[0.736328,0.796631],
[0.760254,0.790161],
[0.770508,0.768066],
[0.779785,0.786865],
[0.799805,0.763184],
[0.806641,0.783813],
[0.811523,0.796509],
[0.788086,0.799927],
[0.769531,0.805420],
[0.752441,0.815063],
[0.737793,0.824951],
[0.799805,0.812134],
[0.783691,0.819214],
[0.770996,0.825195],
[0.797852,0.845459],
[0.806641,0.837646],
[0.812988,0.835205],
[0.743164,0.851929],
[0.761719,0.890564],
[0.736328,0.879700],
[0.766602,0.871826],
[0.763184,0.838135],
[0.784180,0.849487],
[0.790527,0.842163],
[0.770996,0.828369],
[0.712402,0.867554],
[0.737305,0.904846],
[0.711914,0.893921],
[0.738770,0.930969],
[0.716797,0.919373],
[0.678711,0.877747],
[0.687012,0.907593],
[0.658691,0.896118],
[0.643555,0.871460],
[0.628418,0.898193],
[0.679688,0.851196],
[0.640625,0.841675],
[0.609863,0.837036],
[0.603516,0.803223],
[0.602539,0.761108],
[0.603027,0.725342],
[0.608887,0.697021],
[0.553223,0.788696],
[0.573242,0.820923],
[0.557617,0.757324],
[0.562012,0.722412],
[0.499023,0.841553],
[0.535156,0.816650],
[0.538574,0.850586],
[0.525879,0.785278],
[0.529297,0.746582],
[0.531250,0.707520],
[0.499023,0.702637],
[0.499023,0.743652],
[0.499023,0.779175],
[0.499023,0.812622],
[0.462402,0.816650],
[0.458984,0.850586],
[0.424316,0.820923],
[0.423828,0.863647],
[0.387939,0.837036],
[0.444336,0.788696],
[0.471680,0.785278],
[0.468506,0.746582],
[0.357178,0.841675],
[0.394287,0.803223],
[0.440186,0.757324],
[0.466797,0.707520],
[0.499023,0.668945],
[0.461914,0.673828],
[0.499023,0.635742],
[0.459229,0.641602],
[0.318848,0.877747],
[0.318115,0.851196],
[0.350830,0.815063],
[0.395020,0.761108],
[0.435547,0.722412],
[0.427246,0.687256],
[0.317383,0.732666],
[0.350586,0.706543],
[0.352295,0.733154],
[0.322021,0.761353],
[0.359619,0.766479],
[0.390137,0.726563],
[0.384033,0.697021],
[0.422363,0.650879],
[0.380859,0.661865],
[0.423340,0.614990],
[0.457275,0.607178],
[0.454102,0.573730],
[0.383057,0.627686],
[0.422119,0.580078],
[0.452637,0.537109],
[0.416748,0.541748],
[0.455078,0.484863],
[0.499023,0.604004],
[0.499023,0.569092],
[0.453125,0.448242],
[0.409180,0.467285],
[0.405029,0.437988],
[0.367920,0.439941],
[0.371582,0.403809],
[0.334717,0.447266],
[0.341309,0.413574],
[0.303955,0.451172],
[0.314941,0.421387],
[0.413086,0.400879],
[0.372314,0.375977],
[0.342773,0.386230],
[0.314453,0.398926],
[0.280273,0.430664],
[0.354736,0.369141],
[0.337646,0.362793],
[0.355957,0.362793],
[0.354004,0.347656],
[0.364014,0.358887],
[0.337158,0.347656],
[0.293701,0.349121],
[0.307373,0.382813],
[0.283447,0.406250],
[0.255371,0.430664],
[0.255859,0.412598],
[0.387451,0.365723],
[0.369141,0.370117],
[0.370605,0.366699],
[0.366943,0.361816],
[0.368164,0.347656],
[0.361572,0.347656],
[0.383057,0.350586],
[0.386230,0.347656],
[0.384277,0.347656],
[0.382324,0.347656],
[0.382080,0.347656],
[0.380127,0.347656],
[0.378906,0.347656],
[0.375977,0.347656],
[0.381104,0.347656],
[0.893066,0.569336],
[0.768555,0.408691],
[0.744629,0.393066],
[0.769531,0.394043],
[0.811523,0.381836],
[0.710938,0.349609],
[0.717773,0.388672],
[0.690430,0.382813],
[0.733398,0.357910],
[0.757324,0.365723],
[0.781738,0.374512],
[0.641602,0.362793],
[0.660156,0.362793],
[0.683105,0.399414],
[0.714355,0.406250],
[0.741699,0.412598],
[0.704102,0.349121],
[0.660645,0.347656],
[0.643555,0.347656],
[0.633789,0.358887],
[0.636230,0.347656],
[0.630859,0.361816],
[0.795410,0.745605],
[0.839844,0.744141],
[0.857422,0.740723],
[0.607422,0.916748],
[0.609375,0.950134],
[0.596191,0.934814],
[0.587402,0.957153],
[0.600098,0.969849],
[0.578613,0.971573],
[0.583984,0.979706],
[0.567871,0.989029],
[0.573242,0.967407],
[0.576660,0.942200],
[0.583984,0.916931],
[0.594238,0.898132],
[0.609375,0.876160],
[0.562012,0.965790],
[0.573242,0.973816],
[0.562012,0.935181],
[0.550293,0.943542],
[0.554688,0.970230],
[0.541992,0.962036],
[0.564941,0.973328],
[0.562988,0.981644],
[0.533203,0.947388],
[0.540039,0.965912],
[0.529297,0.954102],
[0.552246,0.976379],
[0.562012,0.988914],
[0.571777,0.982956],
[0.551758,0.978653],
[0.562988,0.990318],
[0.567383,0.990440],
[0.584473,0.980591],
[0.601563,0.969971],
[0.613770,0.964020],
[0.644531,0.957397],
[0.632813,0.930542],
[0.641602,0.918396],
[0.661621,0.918152],
[0.691406,0.928955],
[0.719727,0.938812],
[0.737305,0.947693],
[0.758789,0.957794],
[0.760742,0.937714],
[0.761719,0.916260],
[0.885742,0.572266],
[0.776367,0.330078],
[0.789063,0.309082],
[0.796875,0.330078],
[0.778320,0.312988],
[0.762207,0.330078],
[0.749512,0.305664],
[0.743164,0.330078],
[0.758789,0.309570],
[0.782227,0.328613],
[0.753906,0.293457],
[0.775879,0.293457],
[0.745605,0.328613],
[0.767090,0.330078],
[0.780273,0.306641],
[0.788574,0.330078],
[0.769043,0.311035],
[0.771973,0.315918],
[0.762207,0.291504],
[0.768066,0.291992],
[0.754883,0.315430],
[0.775391,0.330078],
[0.751465,0.329590],
[0.786621,0.330078],
[0.747559,0.292969],
[0.779297,0.292480],
[0.751465,0.330078],
[0.793457,0.330078],
[0.752930,0.292480],
[0.786621,0.292480],
[0.744141,0.330078],
[0.730469,0.330078],
[0.759277,0.291992],
[0.760742,0.330078],
[0.731934,0.291992],
[0.734863,0.330566],
[0.771973,0.291992],
[0.772949,0.330078],
[0.746094,0.291992],
[0.768555,0.249023],
[0.760742,0.247559],
[0.764648,0.249023],
[0.772461,0.246582],
[0.748047,0.272461],
[0.756348,0.247559],
[0.755371,0.272949],
[0.770508,0.272949],
[0.777832,0.272949],
[0.762695,0.272949],
[0.111206,0.796143],
[0.135864,0.789307],
[0.125854,0.795898],
[0.093506,0.792603],
[0.095276,0.808228],
[0.084412,0.792603],
[0.111145,0.803833],
[0.129272,0.805054],
[0.135864,0.807861],
[0.148682,0.809937],
[0.150879,0.793335],
[0.182739,0.810791],
[0.115601,0.807129],
[0.145264,0.825317],
[0.134521,0.821899],
[0.129028,0.819946],
[0.125732,0.806519],
[0.115479,0.812134],
[0.112671,0.814331],
[0.097656,0.816406],
[0.126465,0.815430],
[0.086792,0.811890],
[0.073242,0.805542],
[0.073730,0.790039],
[0.069580,0.797607],
[0.068481,0.790283],
[0.061035,0.798462],
[0.055572,0.793823],
[0.053558,0.794434],
[0.060577,0.803223],
[0.065552,0.813110],
[0.072693,0.814941],
[0.076233,0.820557],
[0.088257,0.819580],
[0.039551,0.795654],
[0.038422,0.798340],
[0.053741,0.809326],
[0.053223,0.792969],
[0.034546,0.793213],
[0.050629,0.791260],
[0.029617,0.777588],
[0.043243,0.776611],
[0.031280,0.773804],
[0.042175,0.774414],
[0.042969,0.772217],
[0.047852,0.772583],
[0.063843,0.774048],
[0.052124,0.756348],
[0.054352,0.790039],
[0.047607,0.775879],
[0.049683,0.755859],
[0.065918,0.754883],
[0.069031,0.774536],
[0.082581,0.774414],
[0.069092,0.754517],
[0.065002,0.748291],
[0.056702,0.749023],
[0.053070,0.753052],
[0.092896,0.756104],
[0.093689,0.774658],
[0.082397,0.755981],
[0.066834,0.739746],
[0.055725,0.744629],
[0.050781,0.752441],
[0.051025,0.754272],
[0.033539,0.743408],
[0.031799,0.748047],
[0.035217,0.756104],
[0.043213,0.741699],
[0.038971,0.741211],
[0.044983,0.743164],
[0.054047,0.738281],
[0.060761,0.736328],
[0.082275,0.736084],
[0.093750,0.737793],
[0.047363,0.738037],
[0.042328,0.740723],
[0.050354,0.738037],
[0.043762,0.733154],
[0.050415,0.730469],
[0.044037,0.735596],
[0.043793,0.737305],
[0.041046,0.740479],
[0.050568,0.729248],
[0.040680,0.723633],
[0.042969,0.722900],
[0.037994,0.724121],
[0.035553,0.726074],
[0.033783,0.721680],
[0.035034,0.714355],
[0.036621,0.723145],
[0.035431,0.713379],
[0.045410,0.713379],
[0.047058,0.714600],
[0.050751,0.721680],
[0.055176,0.729004],
[0.025452,0.724609],
[0.022018,0.726318],
[0.022690,0.734619],
[0.019943,0.733887],
[0.019455,0.730957],
[0.019272,0.727783],
[0.023468,0.721191],
[0.024277,0.720703],
[0.033173,0.716553],
[0.023148,0.720947],
[0.027023,0.711426],
[0.035217,0.711914],
[0.018906,0.712158],
[0.018127,0.717529],
[0.054504,0.704102],
[0.042328,0.703369],
[0.029739,0.709717],
[0.036865,0.707031],
[0.034607,0.710205],
[0.031204,0.707764],
[0.030060,0.707031],
[0.029327,0.705811],
[0.038757,0.705811],
[0.230225,0.104980],
[0.246338,0.108398],
[0.246338,0.108887],
[0.251709,0.110352],
[0.251465,0.110840],
[0.257080,0.112305],
[0.258057,0.112793],
[0.261475,0.107422],
[0.271973,0.097656],
[0.256836,0.049805],
[0.262939,0.113770],
[0.283691,0.112793],
[0.284180,0.080078],
[0.263916,0.029297],
[0.204834,0.014648],
[0.297119,0.064941],
[0.312744,0.112305],
[0.349609,0.109863],
[0.112366,0.064941],
[0.096802,0.112305],
[0.059875,0.109863],
[0.036865,0.184082],
[0.075562,0.156738],
[0.037872,0.145020],
[0.094727,0.140137],
[0.116638,0.128418],
[0.134644,0.152344],
[0.146362,0.142090],
[0.149658,0.132324],
[0.161377,0.150391],
[0.155151,0.157227],
[0.173584,0.164551],
[0.169800,0.169434],
[0.167847,0.168457],
[0.177368,0.166992],
[0.173828,0.160645],
[0.166870,0.172363],
[0.167236,0.175781],
[0.164917,0.170410],
[0.161133,0.170898],
[0.164673,0.166504],
[0.152466,0.163574],
[0.151367,0.170410],
[0.138672,0.175293],
[0.151855,0.172852],
[0.160400,0.172852],
[0.162720,0.173340],
[0.163940,0.174805],
[0.165039,0.176270],
[0.163818,0.180664],
[0.165771,0.181641],
[0.153198,0.187500],
[0.153931,0.189941],
[0.140991,0.187988],
[0.139404,0.190918],
[0.136963,0.183594],
[0.133911,0.183594],
[0.140381,0.176758],
[0.018860,0.403809],
[0.007637,0.405273],
[0.015717,0.402832],
[0.004272,0.407227],
[0.019943,0.405273],
[0.004898,0.415527],
[0.011215,0.416992],
[0.010574,0.418945],
[0.002138,0.414551],
[0.001498,0.412109],
[0.001377,0.408691],
[0.005478,0.402344],
[0.006542,0.401367],
[0.015328,0.397461],
[0.010040,0.420898],
[0.005409,0.401855],
[0.017151,0.395020],
[0.017624,0.394531],
[-0.000031,0.397949],
[0.000878,0.393066],
[0.009132,0.392090],
[0.012322,0.387695],
[0.013435,0.388672],
[0.011375,0.386719],
[0.020798,0.386719],
[0.018997,0.388184],
[0.011894,0.390625],
[0.017395,0.393066],
[0.024567,0.384277],
[0.036621,0.384766],
[0.027496,0.394043],
[0.016739,0.391113],
[0.039063,0.391113],
[0.034058,0.394531],
[0.033203,0.402344],
[0.029037,0.395508],
[0.022949,0.404297],
[0.025406,0.403809],
[0.032715,0.411133],
[0.032745,0.410156],
[0.037567,0.409668],
[0.043549,0.412109],
[0.038635,0.401855],
[0.046448,0.392090],
[0.053528,0.382813],
[0.176270,0.409180],
[0.127930,0.395020],
[0.172852,0.398438],
[0.128296,0.384277],
[0.073975,0.389648],
[0.070007,0.379883],
[0.056610,0.391113],
[0.049164,0.401855],
[0.047913,0.410156],
[0.076355,0.397461],
[0.125977,0.404785],
[0.186035,0.419922],
[0.173584,0.418457],
[0.126221,0.417480],
[0.077515,0.410645],
[0.062683,0.408691],
[0.060089,0.398438],
[0.064270,0.416992],
[0.048889,0.420410],
[0.042938,0.416992],
[0.047241,0.429199],
[0.051178,0.435547],
[0.048187,0.435547],
[0.064636,0.437012],
[0.077271,0.420410],
[0.123718,0.427734],
[0.165894,0.427734],
[0.183105,0.432129],
[0.214233,0.452148],
[0.239014,0.486816],
[0.247559,0.459473],
[0.205444,0.468262],
[0.174927,0.451660],
[0.156982,0.448242],
[0.123718,0.443848],
[0.076233,0.437988],
[0.076965,0.455566],
[0.291504,0.535889],
[0.241333,0.523926],
[0.263672,0.518066],
[0.272949,0.499512],
[0.233521,0.502197],
[0.201050,0.484375],
[0.170166,0.464355],
[0.216309,0.509277],
[0.190308,0.495605],
[0.170288,0.507813],
[0.158081,0.480469],
[0.186890,0.519287],
[0.201782,0.530762],
[0.247681,0.537109],
[0.254150,0.574951],
[0.293457,0.566895],
[0.264160,0.609131],
[0.336182,0.537598],
[0.204224,0.541504],
[0.337402,0.558594],
[0.302979,0.605957],
[0.379150,0.522461],
[0.277100,0.643555],
[0.314941,0.645264],
[0.275635,0.673096],
[0.344482,0.600098],
[0.379150,0.548828],
[0.412598,0.497559],
[0.320313,0.679443],
[0.349609,0.636963],
[0.379883,0.591553],
[0.351563,0.672119],
[0.316650,0.714355],
[0.279053,0.709717],
[0.281982,0.735352],
[0.249756,0.730469],
[0.243408,0.716064],
[0.233276,0.750000],
[0.253662,0.752197],
[0.279297,0.753784],
[0.311279,0.829346],
[0.314941,0.793579],
[0.272461,0.776489],
[0.246826,0.771118],
[0.261475,0.796631],
[0.237305,0.790161],
[0.245483,0.815063],
[0.286133,0.813354],
[0.228149,0.805420],
[0.214111,0.819214],
[0.226685,0.825073],
[0.200073,0.845459],
[0.191162,0.837646],
[0.198120,0.812134],
[0.184937,0.835205],
[0.209717,0.799927],
[0.217773,0.786865],
[0.227173,0.768066],
[0.197876,0.763184],
[0.191162,0.783813],
[0.186523,0.796509],
[0.173828,0.832031],
[0.152222,0.779419],
[0.155884,0.760742],
[0.157837,0.744141],
[0.202393,0.745605],
[0.159912,0.728760],
[0.199219,0.727295],
[0.159912,0.716797],
[0.140381,0.740723],
[0.143311,0.729004],
[0.143188,0.716797],
[0.144043,0.706543],
[0.158569,0.706299],
[0.189209,0.701904],
[0.093567,0.727539],
[0.060944,0.730957],
[0.065918,0.729980],
[0.080872,0.727783],
[0.092896,0.715820],
[0.131958,0.710938],
[0.077942,0.717529],
[0.113647,0.710693],
[0.132446,0.706055],
[0.110352,0.706299],
[0.089539,0.707520],
[0.074219,0.709717],
[0.066223,0.720947],
[0.056519,0.720947],
[0.063599,0.711182],
[0.057098,0.710205],
[0.051910,0.713623],
[0.877441,0.571045],
[0.042938,0.479980],
[0.050384,0.471191],
[0.051453,0.478516],
[0.037659,0.474609],
[0.056305,0.471191],
[0.055481,0.486816],
[0.042480,0.484375],
[0.035583,0.475586],
[0.035156,0.474121],
[0.032684,0.472168],
[0.036377,0.470703],
[0.029633,0.457031],
[0.045929,0.455078],
[0.024597,0.455078],
[0.030045,0.453613],
[0.034302,0.437500],
[0.025101,0.457520],
[0.013283,0.455078],
[0.025116,0.452637],
[0.031860,0.437012],
[0.051361,0.455078],
[0.067078,0.473633],
[0.065002,0.455566],
[0.033173,0.435059],
[0.035370,0.434082],
[0.076721,0.473633],
[0.078247,0.489258],
[0.068481,0.492676],
[0.054749,0.496094],
[0.047272,0.494141],
[0.035889,0.490234],
[0.110046,0.491699],
[0.114563,0.477051],
[0.119446,0.461914],
[0.152466,0.460938],
[0.149170,0.498535],
[0.144165,0.479004],
[0.141113,0.497559],
[0.036255,0.418945],
[0.037872,0.425293],
[0.038971,0.430176],
[0.032989,0.433105],
[0.015808,0.424316],
[0.027222,0.424316],
[0.025406,0.422363],
[0.032440,0.418945],
[0.029556,0.418945],
[0.013939,0.428711],
[0.026230,0.416504],
[0.026138,0.417969],
[0.025772,0.414063],
[0.023300,0.421387],
[0.021149,0.421875],
[0.024551,0.421875],
[0.017960,0.406738],
[0.008499,0.414063],
[0.020920,0.413086],
[0.016571,0.409668],
[0.024490,0.413574],
[0.010529,0.450195],
[0.017380,0.437012],
[0.240601,0.365723],
[0.228149,0.394043],
[0.216187,0.374512],
[0.186401,0.381836],
[0.185425,0.396484],
[0.167725,0.388184],
[0.229004,0.408691],
[0.224976,0.424316],
[0.183350,0.410156],
[0.278320,0.460938],
[0.370117,0.499512],
[0.331543,0.512939],
[0.291260,0.510986],
[0.253174,0.393066],
[0.280029,0.388672],
[0.286865,0.349609],
[0.264648,0.357910],
[0.136475,0.759277],
[0.134644,0.777222],
[0.312744,0.261719],
[0.309570,0.270020],
[0.307373,0.267090],
[0.312256,0.267090],
[0.314941,0.264160],
[0.328369,0.261230],
[0.313477,0.244629],
[0.318115,0.270996],
[0.291504,0.273438],
[0.312744,0.281738],
[0.335938,0.279785],
[0.336182,0.250488],
[0.342285,0.240234],
[0.349121,0.272949],
[0.358154,0.270508],
[0.345947,0.296875],
[0.334473,0.296387],
[0.315430,0.295898],
[0.295410,0.289063],
[0.354004,0.299316],
[0.304199,0.242676],
[0.346436,0.223145],
[0.281982,0.258789],
[0.277100,0.283203],
[0.300781,0.300781],
[0.319580,0.319336],
[0.310303,0.322754],
[0.284668,0.312500],
[0.326172,0.341797],
[0.305664,0.328125],
[0.332031,0.317383],
[0.339600,0.316406],
[0.347900,0.319824],
[0.336426,0.340820],
[0.336670,0.334473],
[0.323486,0.334961],
[0.323486,0.327148],
[0.332275,0.326172],
[0.873047,0.549316],
[0.887695,0.548828],
[0.217041,0.130859],
[0.215698,0.130371],
[0.216919,0.131348],
[0.213257,0.132813],
[0.215698,0.130859],
[0.213379,0.132813],
[0.220093,0.133301],
[0.211914,0.131348],
[0.212769,0.130371],
[0.211914,0.129883],
[0.212646,0.130371],
[0.211304,0.129395],
[0.210571,0.129883],
[0.211182,0.129395],
[0.210815,0.130859],
[0.205322,0.114258],
[0.219116,0.107422],
[0.216064,0.115723],
[0.225708,0.119141],
[0.229858,0.126953],
[0.243286,0.127441],
[0.234375,0.112305],
[0.263184,0.142090],
[0.259766,0.132324],
[0.253418,0.117188],
[0.258057,0.116699],
[0.273926,0.121582],
[0.277832,0.839844],
[0.234863,0.838135],
[0.259766,0.824951],
[0.254639,0.851929],
[0.261475,0.879700],
[0.285400,0.867554],
[0.260254,0.904846],
[0.285889,0.893921],
[0.259033,0.930908],
[0.281006,0.919373],
[0.236206,0.890564],
[0.230957,0.871826],
[0.213745,0.849487],
[0.207275,0.842163],
[0.226929,0.828369],
[0.310791,0.907593],
[0.339111,0.896057],
[0.354004,0.871460],
[0.388184,0.876160],
[0.369629,0.898193],
[0.355957,0.918396],
[0.335938,0.918152],
[0.306152,0.928955],
[0.278076,0.938812],
[0.388672,0.950134],
[0.396484,0.969971],
[0.383789,0.964020],
[0.353271,0.957397],
[0.364990,0.930542],
[0.390381,0.916687],
[0.403564,0.898132],
[0.428467,0.890930],
[0.439453,0.906250],
[0.462891,0.876343],
[0.469727,0.902344],
[0.413574,0.916931],
[0.401367,0.934814],
[0.499023,0.874146],
[0.499023,0.897888],
[0.476074,0.919067],
[0.499023,0.918640],
[0.479736,0.937988],
[0.499023,0.938507],
[0.518066,0.938019],
[0.521484,0.919128],
[0.527832,0.902344],
[0.534668,0.876343],
[0.539063,0.926086],
[0.558105,0.906250],
[0.569336,0.890930],
[0.573730,0.863647],
[0.292969,0.128418],
[0.314697,0.140137],
[0.333984,0.156738],
[0.333252,0.184570],
[0.299072,0.187012],
[0.297607,0.225586],
[0.371582,0.145020],
[0.372803,0.184082],
[0.266846,0.247559],
[0.285156,0.237305],
[0.275879,0.170410],
[0.259277,0.272461],
[0.233398,0.280762],
[0.258057,0.170410],
[0.270752,0.175293],
[0.275635,0.183594],
[0.270020,0.190918],
[0.255615,0.189941],
[0.257568,0.172852],
[0.269287,0.176758],
[0.272461,0.183594],
[0.268555,0.187988],
[0.256348,0.187500],
[0.244507,0.176270],
[0.245605,0.174805],
[0.246826,0.173340],
[0.249146,0.172852],
[0.955078,0.479980],
[0.947266,0.471191],
[0.960449,0.474609],
[0.946289,0.478516],
[0.952148,0.455078],
[0.961426,0.470703],
[0.955566,0.484375],
[0.962402,0.475586],
[0.962891,0.474121],
[0.965332,0.472168],
[0.968262,0.457031],
[0.973145,0.455078],
[0.967773,0.453613],
[0.963379,0.437500],
[0.972656,0.457520],
[0.977051,0.479004],
[0.976074,0.476074],
[0.980957,0.474609],
[0.986816,0.458496],
[0.919434,0.489258],
[0.929199,0.492676],
[0.942871,0.496094],
[0.950684,0.494141],
[0.961914,0.490234],
[0.882324,0.577393],
[0.749512,0.304688],
[0.742188,0.330078],
[0.435547,0.965790],
[0.424561,0.973816],
[0.424561,0.967407],
[0.413818,0.979706],
[0.457520,0.965912],
[0.445557,0.976379],
[0.455811,0.962036],
[0.445801,0.978638],
[0.435547,0.988907],
[0.435059,0.990311],
[0.430420,0.990440],
[0.413574,0.980591],
[0.397461,0.969849],
[0.443359,0.970230],
[0.435059,0.981628],
[0.432861,0.973312],
[0.464844,0.947357],
[0.468262,0.954102],
[0.447754,0.943542],
[0.410156,0.957153],
[0.420898,0.942169],
[0.435547,0.935181],
[0.458984,0.926086],
[0.462646,0.356445],
[0.436279,0.288574],
[0.464844,0.288574],
[0.471680,0.214844],
[0.443604,0.214844],
[0.476074,0.144043],
[0.448242,0.144043],
[0.475830,0.068359],
[0.454834,0.068359],
[0.472900,0.028809],
[0.420654,0.144043],
[0.416504,0.214844],
[0.410400,0.288574],
[0.434326,0.353027],
[0.405273,0.346191],
[0.387939,0.214844],
[0.381348,0.288574],
[0.385254,0.333984],
[0.463135,0.027832],
[0.434570,0.068359],
[0.392578,0.144043],
[0.416504,0.068359],
[0.448975,0.028320],
[0.466309,0.012695],
[0.433594,0.022949],
[0.235718,0.717041],
[0.235962,0.729492],
[0.197754,0.714600],
[0.210938,0.701660],
[0.224365,0.699219],
[0.238281,0.697754],
[0.222168,0.581543],
[0.215942,0.541504],
[0.231079,0.613525],
[0.236328,0.640869],
[0.235718,0.668213],
[0.232910,0.695313],
[0.242920,0.697754],
[0.888672,0.581787],
[0.989258,0.414063],
[0.977051,0.413086],
[0.981445,0.409668],
[0.986816,0.416992],
[0.987305,0.418945],
[0.987793,0.420898],
[0.973145,0.413574],
[0.028381,0.738281],
[0.027771,0.739746],
[0.042358,0.732666],
[0.038696,0.732422],
[0.034332,0.729004],
[0.026306,0.732910],
[0.028961,0.735840],
[0.866699,0.540039],
[0.885742,0.543457],
[0.873535,0.543945],
[0.020844,0.479004],
[0.021652,0.476074],
[0.017029,0.474609],
[0.011253,0.458496],
[0.260742,0.947693],
[0.238892,0.957794],
[0.237305,0.937714],
[0.236206,0.916260],
[0.878906,0.529785],
[0.150391,0.272461],
[0.176147,0.280762],
[0.028732,0.769653],
[0.681641,0.191895],
[0.698730,0.134277],
[0.722656,0.195801],
[0.681641,0.137207],
[0.709473,0.065918],
[0.681641,0.079590],
[0.653320,0.065918],
[0.664063,0.134277],
[0.640137,0.195801],
[0.886719,0.522705],
[0.889648,0.527588],
[0.891602,0.518311],
[0.901367,0.514404],
[0.901367,0.524414],
[0.640625,0.234863],
[0.894043,0.541992],
[0.908203,0.583496],
[0.901367,0.584961],
[0.911133,0.575684],
[0.901367,0.540283],
[0.914063,0.581543],
[0.917480,0.572021],
[0.907227,0.556641],
[0.901367,0.557129],
[0.910156,0.569092],
[0.895508,0.547852],
[0.915527,0.554932],
[0.918457,0.566162],
[0.901367,0.545898],
[0.907715,0.547607],
[0.895996,0.556885],
[0.915527,0.548584],
[0.909180,0.541748],
[0.916992,0.543213],
[0.913086,0.527344],
[0.894531,0.583740],
[0.923828,0.529541],
[0.911133,0.518066],
[0.916504,0.522461],
[0.930176,0.549072],
[0.936035,0.539795],
[0.937988,0.550049],
[0.929688,0.543701],
[0.748047,0.330566],
[0.769043,0.313477],
[0.768555,0.330566],
[0.752930,0.313477],
[0.763672,0.291992],
[0.756836,0.291992],
[0.826660,0.013672],
[0.747070,0.089844],
[0.724609,0.013184],
[0.813477,0.104492],
[0.754883,0.150391],
[0.804199,0.158691],
[0.762207,0.213379],
[0.778320,0.219238],
[0.799805,0.215820],
[0.864258,0.163086],
[0.908691,0.109863],
[0.956055,0.012695],
[0.920898,0.577148],
[0.925781,0.570801],
[0.956543,0.674072],
[0.931641,0.671875],
[0.955078,0.672607],
[0.930664,0.673828],
[0.900391,0.673828],
[0.900391,0.675293],
[0.929688,0.561768],
[0.881836,0.669922],
[0.881348,0.673584],
[0.781738,0.291992],
[0.755371,0.291992],
[0.790039,0.330078],
[0.782715,0.330566],
[0.762207,0.315918],
[0.758789,0.330078],
[0.779785,0.315918],
[0.770020,0.291992],
[0.776367,0.291992],
[0.760254,0.312988],
[0.768555,0.291992],
[0.762207,0.291992],
[0.776855,0.313477],
[0.756836,0.330078],
[0.777344,0.330078],
[0.757324,0.330078],
[0.777344,0.313477],
[0.777832,0.330078],
[0.760742,0.312988],
[0.762695,0.291992],
[0.746094,0.330078],
[0.740234,0.305176],
[0.727051,0.330078],
[0.749512,0.309570],
[0.763672,0.330078],
[0.777344,0.307617],
[0.784180,0.330078],
[0.766113,0.311523],
[0.747070,0.330078],
[0.739746,0.306641],
[0.728027,0.330078],
[0.749512,0.311035],
[0.773438,0.329102],
[0.744629,0.293457],
[0.766113,0.293457],
[0.736816,0.329102],
[0.788086,0.306152],
[0.797363,0.330078],
[0.777344,0.310547],
[0.780273,0.315918],
[0.770508,0.291992],
[0.776855,0.291992],
[0.763184,0.315918],
[0.783203,0.330566],
[0.759277,0.330078],
[0.771484,0.330078],
[0.738770,0.292969],
[0.761719,0.292969],
[0.737305,0.330078],
[0.770508,0.292480],
[0.741211,0.330078],
[0.741699,0.292480],
[0.775391,0.292480],
[0.726563,0.330078],
[0.784668,0.291992],
[0.791504,0.330078],
[0.770020,0.291504],
[0.773926,0.330078],
[0.742676,0.291992],
[0.752441,0.330078],
[0.782227,0.291504],
[0.790527,0.330078],
[0.755859,0.291992],
[0.745605,0.330078],
[0.739746,0.305176],
[0.749023,0.309570],
[0.763184,0.330078],
[0.776855,0.307617],
[0.765625,0.311523],
[0.783691,0.330078],
[0.746582,0.330078],
[0.739258,0.306641],
[0.749023,0.311035],
[0.772949,0.329102],
[0.744141,0.293457],
[0.736328,0.329102],
[0.765625,0.293457],
[0.787598,0.306152],
[0.776855,0.310547],
[0.738281,0.292969],
[0.740723,0.330078],
[0.770020,0.292969],
[0.741211,0.292480],
[0.726074,0.330078],
[0.774902,0.292480],
[0.769531,0.291992],
[0.741699,0.291992],
[0.881348,0.661865],
[0.899902,0.661865],
[0.847656,0.657227],
[0.812988,0.645020],
[0.842285,0.647217],
[0.812012,0.657227],
[0.812500,0.669678],
[0.841797,0.667480],
[0.937012,0.661865],
[0.793457,0.648926],
[0.796387,0.657227],
[0.793457,0.665527],
[0.960449,0.661865],
[0.871094,0.657227],
[0.866211,0.668213],
[0.866211,0.646484],
[0.961914,0.661865],
[0.755859,0.330078],
[0.753418,0.310547],
[0.779297,0.305664],
[0.780273,0.310059],
[0.770508,0.310059],
[0.789551,0.305664],
[0.794922,0.330078],
[0.779297,0.330078],
[0.734863,0.305664],
[0.727539,0.330078],
[0.747559,0.307129],
[0.779297,0.306152],
[0.780762,0.330078],
[0.789551,0.304688],
[0.794434,0.330078],
[0.778809,0.305664],
[0.788574,0.305664],
[0.778809,0.330078],
[0.740234,0.330078],
[0.734375,0.305664],
[0.747070,0.307129],
[0.795898,0.330078],
[0.778809,0.306152],
[0.789063,0.304688],
[0.780273,0.330078],
[0.729980,0.330078],
[0.744141,0.305176],
[0.738770,0.330078],
[0.736816,0.305664],
[0.743652,0.305176],
[0.729492,0.330078],
[0.737793,0.330078],
[0.736328,0.305664],
[0.745605,0.311035],
[0.766602,0.292480],
[0.760254,0.292480],
[0.760742,0.291992],
[0.752930,0.291992],
[0.768066,0.292480],
[0.779785,0.330078],
[0.764160,0.330078],
[0.756348,0.312012],
[0.770508,0.292969],
[0.762695,0.292969],
[0.764648,0.330078],
[0.770020,0.311035],
[0.743652,0.310547],
[0.751465,0.292969],
[0.780273,0.309570],
[0.758789,0.292969],
[0.765137,0.292480],
[0.769043,0.292480],
[0.758789,0.292480],
[0.757813,0.330078],
[0.780762,0.309570],
[0.763184,0.291992],
[0.743164,0.310547],
[0.770508,0.310547],
[0.766113,0.292480],
[0.755859,0.312012],
[0.759277,0.292480],
[0.750488,0.292969],
[0.762207,0.292969],
[0.758301,0.292969],
[0.781250,0.330078],
[0.765137,0.330078],
[0.746094,0.311035],
[0.761719,0.291992],
[0.753906,0.291992],
[0.753906,0.310547],
[0.760742,0.292480],
[0.770020,0.310059],
[0.768555,0.292480],
[0.779785,0.310059],
[0.759766,0.292480],
[0.756348,0.330078]]