[[0.000000,0.000000,0.000000],
[0.062805,0.591207,0.902102],
[0.058382,0.577691,0.904429],
[0.066943,0.562335,0.904249],
[0.033097,0.589028,0.925956],
[0.034467,0.615638,0.897269],
[0.018170,0.614425,0.904328],
[0.039929,0.575789,0.919507],
[-0.018169,0.614425,0.904328],
[0.000000,0.613796,0.908653],
[0.000000,0.641496,0.868732],
[0.015936,0.589077,0.933549],
[0.020526,0.563241,0.924047],
[0.025985,0.560463,0.922278],
[0.028212,0.559800,0.917325],
[0.026834,0.551429,0.916425],
[0.023260,0.561339,0.908443],
[0.016448,0.544276,0.929197],
[0.012180,0.564820,0.930930],
[0.023731,0.547379,0.919073],
[0.025774,0.546715,0.913954],
[0.024734,0.544564,0.916441],
[0.027570,0.544739,0.913519],
[0.026477,0.543011,0.916041],
[0.032224,0.545480,0.914860],
[0.030407,0.541228,0.917163],
[0.020185,0.542870,0.924015],
[0.023818,0.535506,0.924229],
[0.023345,0.539542,0.922526],
[0.045879,0.538628,0.920548],
[0.044517,0.531227,0.926361],
[0.070474,0.541001,0.910776],
[0.039566,0.523852,0.930703],
[0.062543,0.523955,0.917943],
[0.023185,0.526806,0.934812],
[0.021080,0.518292,0.942183],
[0.030756,0.513881,0.937922],
[0.024926,0.507784,0.943052],
[0.017290,0.508326,0.947117],
[0.006100,0.513254,0.956253],
[0.004658,0.506358,0.954034],
[0.015855,0.522666,0.949863],
[0.016543,0.532934,0.942451],
[0.007179,0.524737,0.951935],
[0.013325,0.513565,0.952712],
[0.000000,0.525294,0.952540],
[-0.006100,0.513254,0.956253],
[-0.004658,0.506358,0.954034],
[0.010022,0.546346,0.935696],
[0.007572,0.534506,0.944946],
[0.000000,0.534982,0.945541],
[-0.007179,0.524737,0.951935],
[-0.010595,0.507868,0.952081],
[-0.013325,0.513565,0.952712],
[-0.017057,0.508274,0.947300],
[-0.017290,0.508326,0.947117],
[-0.015855,0.522666,0.949863],
[-0.007572,0.534506,0.944946],
[0.000000,0.545261,0.937148],
[-0.024926,0.507784,0.943052],
[-0.021080,0.518292,0.942183],
[-0.016543,0.532934,0.942451],
[-0.010022,0.546346,0.935696],
[0.000000,0.564028,0.935223],
[0.000000,0.587694,0.935875],
[-0.012180,0.564820,0.930930],
[-0.016448,0.544276,0.929197],
[-0.023185,0.526806,0.934812],
[-0.015936,0.589077,0.933549],
[-0.020526,0.563241,0.924047],
[-0.025985,0.560463,0.922278],
[-0.023731,0.547379,0.919073],
[-0.039929,0.575789,0.919507],
[-0.033097,0.589028,0.925956],
[-0.058014,0.577594,0.903794],
[-0.062085,0.545563,0.910818],
[-0.066575,0.562239,0.903614],
[-0.077677,0.566059,0.892515],
[-0.062805,0.591207,0.902102],
[-0.034467,0.615638,0.897269],
[-0.054697,0.628515,0.859013],
[-0.045764,0.620904,0.876901],
[-0.072070,0.604157,0.882089],
[-0.060893,0.613364,0.873307],
[-0.072355,0.618005,0.856329],
[-0.071558,0.622247,0.839233],
[-0.096607,0.569740,0.879123],
[-0.070474,0.541001,0.910776],
[-0.076344,0.599618,0.807587],
[-0.053919,0.593748,0.816296],
[-0.091944,0.594970,0.826001],
[-0.047371,0.596641,0.804772],
[-0.053052,0.583997,0.802882],
[-0.093541,0.656137,0.853663],
[-0.084997,0.655048,0.842840],
[-0.082154,0.672327,0.860033],
[-0.092121,0.629276,0.830749],
[-0.075541,0.635992,0.815726],
[-0.054751,0.614456,0.805808],
[-0.036222,0.608996,0.812719],
[-0.033089,0.604172,0.818217],
[-0.042066,0.629218,0.840712],
[-0.048088,0.635161,0.817770],
[-0.079500,0.681048,0.866922],
[-0.072711,0.681979,0.869169],
[-0.079770,0.692510,0.878871],
[-0.086298,0.688909,0.877313],
[-0.074201,0.673010,0.858285],
[-0.072288,0.654556,0.834719],
[-0.051465,0.656201,0.834503],
[-0.042729,0.638989,0.843174],
[-0.050969,0.655414,0.852687],
[-0.064494,0.674607,0.862264],
[-0.068326,0.676240,0.872114],
[-0.039168,0.635250,0.859752],
[-0.083315,0.697776,0.888019],
[-0.089516,0.696958,0.884740],
[0.007344,0.503339,0.951068],
[0.000000,0.494430,0.945069],
[0.000000,0.494228,0.944871],
[0.011911,0.499628,0.947190],
[0.009311,0.503336,0.946713],
[0.005391,0.498697,0.946391],
[0.007324,0.501978,0.951564],
[0.004681,0.506294,0.953246],
[0.000000,0.498405,0.951087],
[-0.009311,0.503336,0.946713],
[-0.011911,0.499628,0.947190],
[-0.005267,0.496540,0.946730],
[-0.007344,0.503339,0.951068],
[-0.005391,0.498697,0.946391],
[-0.007324,0.501978,0.951564],
[0.000000,0.503954,0.954091],
[-0.005718,0.508726,0.949447],
[-0.003858,0.507618,0.945617],
[-0.004380,0.511670,0.952013],
[-0.004681,0.506294,0.953246],
[0.000000,0.512876,0.957148],
[-0.009116,0.513522,0.951314],
[-0.010481,0.507772,0.951328],
[-0.012150,0.506681,0.947089],
[-0.006602,0.510906,0.945843],
[-0.009457,0.511556,0.946130],
[0.000000,0.487664,0.940648],
[-0.002846,0.486017,0.942430],
[-0.006257,0.480187,0.935303],
[-0.013110,0.487988,0.944418],
[-0.023491,0.491187,0.945636],
[-0.027460,0.499854,0.945737],
[-0.013838,0.505851,0.947647],
[-0.030756,0.513881,0.937922],
[-0.038551,0.499020,0.936530],
[-0.031325,0.478783,0.928159],
[-0.014822,0.478463,0.935845],
[-0.012336,0.476009,0.929822],
[-0.021350,0.474344,0.919333],
[-0.022442,0.488632,0.922772],
[-0.032758,0.481841,0.911095],
[-0.032460,0.490630,0.911148],
[-0.030054,0.490716,0.909323],
[-0.021001,0.489018,0.920193],
[-0.015567,0.485847,0.927916],
[-0.015070,0.483781,0.929436],
[-0.005476,0.477412,0.931469],
[-0.017316,0.488169,0.925004],
[-0.006475,0.484377,0.924278],
[-0.005455,0.483959,0.927933],
[-0.005078,0.484906,0.930389],
[0.000000,0.485034,0.937825],
[0.005476,0.477412,0.931469],
[0.006257,0.480187,0.935303],
[0.005078,0.484906,0.930389],
[0.005455,0.483959,0.927933],
[0.015567,0.485847,0.927916],
[0.006475,0.484377,0.924278],
[0.015070,0.483781,0.929436],
[-0.006341,0.496218,0.924619],
[0.012336,0.476009,0.929822],
[0.022442,0.488632,0.922772],
[0.021001,0.489018,0.920193],
[0.017316,0.488169,0.925004],
[0.017104,0.488689,0.916203],
[0.023548,0.489921,0.907373],
[0.030054,0.490716,0.909323],
[0.027697,0.490703,0.901958],
[0.033577,0.490812,0.904416],
[0.030399,0.491833,0.896731],
[0.018381,0.496908,0.916132],
[0.013228,0.496491,0.921146],
[0.037331,0.490755,0.900791],
[0.033267,0.489128,0.894022],
[0.037378,0.487375,0.900051],
[0.028816,0.485356,0.899999],
[0.032617,0.485306,0.906091],
[0.017140,0.480570,0.912367],
[0.019688,0.478466,0.917099],
[0.011422,0.480092,0.919602],
[0.038899,0.486727,0.902280],
[0.040171,0.486574,0.903462],
[0.034022,0.487724,0.908344],
[0.031072,0.498233,0.893920],
[-0.019688,0.478466,0.917099],
[-0.032617,0.485306,0.906091],
[-0.034022,0.487724,0.908344],
[-0.017140,0.480570,0.912367],
[-0.011422,0.480092,0.919602],
[0.000000,0.478611,0.923592],
[0.011813,0.478747,0.925901],
[0.020415,0.480124,0.919106],
[-0.011958,0.481091,0.928231],
[0.000000,0.481659,0.930638],
[0.011958,0.481091,0.928231],
[0.020742,0.476305,0.918394],
[0.035132,0.487429,0.910122],
[0.036404,0.483712,0.908767],
[0.020541,0.472294,0.917587],
[0.025395,0.467603,0.894270],
[-0.025395,0.467603,0.894270],
[0.000000,0.465880,0.886704],
[0.000000,0.464362,0.906704],
[0.017791,0.464925,0.911516],
[0.012426,0.473075,0.928738],
[0.012539,0.479503,0.929278],
[-0.020541,0.472294,0.917587],
[-0.036404,0.483712,0.908767],
[-0.017791,0.464925,0.911516],
[0.000000,0.464928,0.922437],
[0.007380,0.466782,0.920237],
[0.000000,0.472951,0.931947],
[0.000000,0.480910,0.931850],
[-0.012539,0.479503,0.929278],
[-0.012426,0.473075,0.928738],
[-0.007380,0.466782,0.920237],
[-0.020742,0.476305,0.918394],
[-0.011813,0.478747,0.925901],
[-0.020415,0.480124,0.919106],
[0.000000,0.478720,0.928736],
[-0.035132,0.487429,0.910122],
[-0.029836,0.467053,0.877065],
[0.000000,0.466146,0.875279],
[-0.050248,0.480041,0.892863],
[-0.042480,0.484901,0.901858],
[-0.040171,0.486574,0.903462],
[-0.035945,0.466764,0.860661],
[-0.058437,0.476442,0.879673],
[-0.060531,0.489768,0.896619],
[-0.044525,0.488616,0.903502],
[-0.041200,0.487288,0.904324],
[-0.038899,0.486727,0.902280],
[-0.028816,0.485356,0.899999],
[-0.037378,0.487375,0.900051],
[-0.019404,0.474029,0.909763],
[-0.033267,0.489128,0.894022],
[-0.037331,0.490755,0.900791],
[-0.039894,0.490750,0.903130],
[-0.030399,0.491833,0.896731],
[-0.027580,0.498891,0.901575],
[-0.043223,0.490192,0.910432],
[-0.054138,0.497968,0.908208],
[-0.036515,0.485363,0.908901],
[-0.035752,0.491047,0.906428],
[-0.033577,0.490812,0.904416],
[-0.027697,0.490703,0.901958],
[-0.042487,0.488050,0.918523],
[-0.023548,0.489921,0.907373],
[-0.017104,0.488689,0.916203],
[-0.022216,0.497232,0.909661],
[-0.018381,0.496908,0.916132],
[0.000000,0.483617,0.928299],
[0.000000,0.483453,0.931661],
[0.054635,0.542201,0.907169],
[0.060816,0.552579,0.906197],
[0.044790,0.554355,0.908494],
[0.044364,0.559576,0.908494],
[0.059773,0.564652,0.906250],
[0.042915,0.563347,0.908658],
[0.051905,0.573807,0.907307],
[0.040982,0.564806,0.908918],
[0.040219,0.576547,0.908964],
[0.029179,0.571827,0.910587],
[0.039314,0.563200,0.909176],
[0.038545,0.559131,0.909334],
[0.023002,0.561451,0.911558],
[0.038989,0.554132,0.909328],
[0.024044,0.549382,0.911505],
[0.040453,0.549985,0.909166],
[0.031908,0.540227,0.910449],
[0.042367,0.548697,0.908907],
[0.043592,0.537484,0.908793],
[0.044014,0.550359,0.908651],
[0.061353,0.552454,0.905998],
[0.054236,0.554245,0.912217],
[0.050347,0.547717,0.912828],
[0.054991,0.541774,0.906999],
[0.031104,0.552234,0.915558],
[0.036051,0.546475,0.914893],
[0.042766,0.557059,0.917195],
[0.043401,0.544750,0.913851],
[0.043628,0.536920,0.908671],
[0.055300,0.541334,0.906498],
[0.061843,0.552320,0.905469],
[0.060739,0.565100,0.905525],
[0.060279,0.564879,0.906053],
[0.043612,0.536339,0.908219],
[0.056011,0.584354,0.892362],
[0.052411,0.574792,0.906644],
[0.040040,0.577693,0.908399],
[0.052182,0.574301,0.907141],
[0.040156,0.577120,0.908847],
[0.028353,0.572697,0.910120],
[0.028795,0.572263,0.910518],
[0.021812,0.561712,0.911149],
[0.022438,0.561584,0.911518],
[0.022915,0.548934,0.911093],
[0.023510,0.549164,0.911464],
[0.031242,0.539242,0.909974],
[0.031603,0.539743,0.910376],
[0.030448,0.559826,0.915591],
[0.034334,0.566353,0.914980],
[0.041279,0.569323,0.913958],
[0.053580,0.561840,0.912250],
[0.048630,0.567599,0.912915],
[0.042414,0.524935,0.894793],
[-0.032600,0.556445,0.848283],
[-0.007855,0.563396,0.872248],
[-0.009431,0.545103,0.872149],
[-0.021329,0.531229,0.870399],
[-0.039003,0.527072,0.867668],
[-0.055702,0.534221,0.864998],
[-0.065049,0.549944,0.863410],
[-0.063472,0.568237,0.863510],
[-0.051575,0.582111,0.865259],
[-0.017201,0.579119,0.870660],
[-0.033901,0.586268,0.867990],
[-0.069859,0.569374,0.890251],
[-0.071561,0.549627,0.890143],
[-0.031973,0.539199,0.910133],
[-0.044321,0.536296,0.908226],
[-0.024362,0.529422,0.897688],
[-0.043442,0.524935,0.894740],
[-0.055987,0.541291,0.906363],
[-0.062515,0.552275,0.905254],
[-0.061471,0.532652,0.891858],
[-0.061414,0.565054,0.905324],
[-0.053103,0.574746,0.906545],
[-0.040875,0.577078,0.908898],
[-0.040756,0.577651,0.908452],
[-0.052877,0.574253,0.907044],
[-0.060955,0.564831,0.905857],
[-0.062025,0.552410,0.905789],
[-0.055680,0.541733,0.906867],
[-0.044340,0.536877,0.908679],
[-0.054904,0.561844,0.912047],
[-0.055558,0.554251,0.912005],
[-0.029532,0.572225,0.910710],
[-0.042630,0.569330,0.913906],
[-0.049966,0.567603,0.912772],
[-0.044248,0.557073,0.917110],
[-0.051680,0.547725,0.912664],
[-0.044748,0.544756,0.913772],
[-0.037410,0.546480,0.914905],
[-0.032470,0.552240,0.915631],
[-0.031815,0.559835,0.915673],
[-0.024254,0.549120,0.911721],
[-0.023183,0.561546,0.911789],
[-0.035697,0.566363,0.915013],
[-0.032336,0.539698,0.910533],
[-0.023660,0.548892,0.911355],
[-0.022558,0.561673,0.911424],
[-0.029089,0.572658,0.910316],
[-0.057015,0.584352,0.892139],
[-0.037935,0.588840,0.895088],
[-0.019907,0.581122,0.897970],
[-0.009816,0.564148,0.899685],
[-0.011518,0.544401,0.899577],
[-0.118724,0.492069,0.911788],
[-0.118740,0.492381,0.911599],
[-0.146375,0.494266,0.901085],
[-0.084284,0.493044,0.922345],
[-0.084273,0.493505,0.922075],
[-0.039627,0.497751,0.928503],
[-0.039592,0.498296,0.928203],
[-0.051759,0.623494,0.932651],
[-0.051703,0.623505,0.932969],
[-0.063602,0.639021,0.946902],
[-0.042719,0.609925,0.921511],
[-0.042631,0.609967,0.921971],
[-0.034414,0.589767,0.910745],
[-0.034312,0.589854,0.911288],
[-0.066964,0.623486,0.923543],
[-0.066921,0.623727,0.923847],
[-0.086767,0.641721,0.934606],
[-0.051295,0.607591,0.915384],
[-0.051232,0.607965,0.915803],
[-0.034488,0.584273,0.909916],
[-0.034425,0.584749,0.910387],
[-0.085901,0.617085,0.951150],
[-0.085811,0.617420,0.951508],
[-0.109777,0.619526,0.973195],
[-0.062665,0.605468,0.931544],
[-0.062561,0.606024,0.931996],
[-0.037708,0.584291,0.913323],
[-0.037601,0.584981,0.913829],
[-0.023028,0.460129,0.945372],
[-0.023287,0.460222,0.945371],
[-0.029875,0.435328,0.961761],
[-0.018073,0.485126,0.936087],
[-0.018388,0.485246,0.936087],
[-0.050683,0.463462,0.953236],
[-0.050908,0.463724,0.953151],
[-0.071943,0.439924,0.965138],
[-0.025147,0.489308,0.939038],
[-0.025413,0.489627,0.938939],
[-0.086096,0.453885,0.941486],
[-0.086245,0.454171,0.941317],
[-0.115680,0.442883,0.944002],
[-0.056608,0.469126,0.937139],
[-0.056794,0.469550,0.936898],
[-0.028447,0.487769,0.932756],
[-0.028657,0.488285,0.932474],
[-0.060439,0.479688,0.950187],
[-0.060499,0.479998,0.950017],
[-0.092094,0.468081,0.958620],
[-0.027520,0.493205,0.940401],
[-0.027580,0.493578,0.940201],
[-0.143080,0.469171,0.916943],
[-0.143130,0.469394,0.916797],
[-0.167800,0.460731,0.912432],
[-0.113743,0.477905,0.922249],
[-0.113794,0.478238,0.922038],
[-0.082196,0.483559,0.927865],
[-0.082235,0.484051,0.927565],
[-0.033992,0.493576,0.933496],
[-0.034017,0.494166,0.933156],
[0.044238,0.609317,0.921971],
[0.033946,0.590138,0.911288],
[0.034038,0.590042,0.910745],
[0.044321,0.609266,0.921511],
[0.054620,0.621878,0.932970],
[0.054675,0.621862,0.932651],
[0.068013,0.636123,0.946902],
[-0.020162,0.490400,0.923640],
[-0.025317,0.490529,0.920489],
[-0.015775,0.482642,0.922491],
[0.051232,0.607965,0.915803],
[0.034425,0.584749,0.910387],
[0.034488,0.584273,0.909916],
[0.051295,0.607591,0.915384],
[0.066921,0.623727,0.923847],
[0.066965,0.623486,0.923543],
[0.086767,0.641721,0.934606],
[-0.015671,0.484411,0.923661],
[0.067383,0.600045,0.931996],
[0.038462,0.584901,0.913829],
[0.038417,0.584204,0.913324],
[0.067364,0.599480,0.931544],
[0.092548,0.606141,0.951508],
[0.092563,0.605794,0.951150],
[0.116402,0.603011,0.973195],
[0.030415,0.461745,0.945371],
[0.018951,0.484522,0.936087],
[0.018681,0.484321,0.936087],
[0.030190,0.461585,0.945372],
[0.043470,0.439548,0.961761],
[0.050908,0.463724,0.953151],
[0.025413,0.489627,0.938939],
[0.025147,0.489308,0.939038],
[0.050683,0.463462,0.953236],
[0.071943,0.439924,0.965138],
[0.056794,0.469550,0.936898],
[0.028657,0.488285,0.932474],
[0.028447,0.487769,0.932756],
[0.056608,0.469126,0.937139],
[0.086245,0.454171,0.941317],
[0.086096,0.453885,0.941486],
[0.115680,0.442883,0.944002],
[0.060082,0.478537,0.950017],
[0.027526,0.492966,0.940201],
[0.027456,0.492595,0.940401],
[0.060014,0.478228,0.950187],
[0.091357,0.465804,0.958620],
[0.083845,0.490214,0.927565],
[0.034754,0.494366,0.933156],
[0.034801,0.493778,0.933496],
[0.083867,0.489721,0.927865],
[0.115879,0.488298,0.922038],
[0.115869,0.487962,0.922249],
[0.146074,0.483102,0.916797],
[0.146052,0.482875,0.916943],
[0.171623,0.477555,0.912406],
[0.083458,0.507215,0.922075],
[0.039514,0.497822,0.928203],
[0.039717,0.497315,0.928503],
[0.083613,0.506780,0.922345],
[0.116554,0.516904,0.911599],
[0.116637,0.516602,0.911788],
[0.142221,0.527319,0.901085],
[-0.029932,0.481730,0.906794],
[-0.021651,0.479147,0.914452],
[-0.000452,0.487042,0.931874],
[-0.010058,0.481781,0.927060],
[-0.008882,0.486855,0.931697],
[-0.003590,0.482318,0.927934],
[0.000000,0.476386,0.927823],
[-0.004470,0.482353,0.928269],
[-0.014211,0.476377,0.924473],
[-0.008624,0.476194,0.927199],
[-0.015844,0.489611,0.924910],
[-0.014987,0.482289,0.925926],
[-0.018103,0.477155,0.922055],
[-0.014603,0.476860,0.924191],
[-0.062843,0.615441,0.867341],
[-0.036144,0.635913,0.857637],
[-0.053538,0.657635,0.872006],
[-0.077489,0.651241,0.881432],
[-0.066615,0.676905,0.879527],
[-0.082060,0.671245,0.883039],
[-0.081286,0.696441,0.886063],
[-0.086140,0.696305,0.884325],
[-0.089448,0.692009,0.883025],
[-0.092188,0.667592,0.863195],
[-0.094462,0.644488,0.852128],
[-0.089939,0.604378,0.840891],
[-0.031031,0.514655,0.904191],
[-0.065079,0.030394,0.674303],
[-0.064264,0.023035,0.688163],
[-0.061825,0.034829,0.676866],
[-0.065311,0.035034,0.676976],
[-0.062419,0.022926,0.688105],
[-0.061593,0.030189,0.674193],
[-0.066549,0.022794,0.689812],
[-0.068516,0.025398,0.691213],
[-0.069209,0.029880,0.675810],
[-0.068393,0.022905,0.689867],
[-0.069441,0.034592,0.678355],
[-0.066671,0.025287,0.691158],
[-0.065722,0.029672,0.675706],
[-0.065954,0.034384,0.678251],
[-0.094726,0.022557,0.675144],
[-0.094102,0.020109,0.673868],
[-0.092362,0.020686,0.674188],
[-0.095690,0.031005,0.661864],
[-0.094510,0.026380,0.659454],
[-0.092986,0.023133,0.675463],
[-0.091221,0.027471,0.660057],
[-0.092402,0.032096,0.662468],
[-0.008732,0.498493,-0.043835],
[-0.029362,0.498982,-0.040975],
[-0.025960,0.473242,-0.042256],
[0.000000,0.490837,-0.043917],
[-0.001856,0.498723,-0.041769],
[0.000000,0.497766,-0.041785],
[-0.058393,0.523958,-0.008919],
[-0.052404,0.476652,-0.055549],
[-0.033753,0.466584,-0.047170],
[-0.036102,0.439811,-0.049881],
[-0.068324,0.410550,-0.054990],
[-0.081393,0.546869,0.157532],
[-0.039228,0.585821,0.152889],
[-0.039228,0.581339,0.094585],
[-0.090336,0.548536,0.103149],
[-0.045288,0.575140,0.053769],
[-0.083477,0.537783,0.046699],
[-0.092578,0.478264,-0.021432],
[-0.106921,0.410533,-0.010444],
[-0.112587,0.360073,0.000270],
[-0.112319,0.481515,0.044620],
[-0.129416,0.416836,0.054430],
[-0.136542,0.363802,0.063123],
[-0.120530,0.492458,0.154213],
[-0.131191,0.429177,0.178254],
[-0.142545,0.364635,0.179035],
[-0.136009,0.310889,0.073633],
[-0.117772,0.305628,0.012279],
[-0.141551,0.259373,0.065677],
[-0.119963,0.265910,0.008569],
[-0.095664,0.427772,0.214796],
[-0.098341,0.347819,0.212912],
[-0.144363,0.304571,0.157733],
[-0.139715,0.244884,0.125962],
[-0.140822,0.202625,0.043883],
[-0.136715,0.192736,0.076758],
[-0.145231,0.147575,-0.004373],
[-0.103778,0.135342,-0.064655],
[-0.124163,0.121612,-0.035015],
[-0.125333,0.150633,-0.037315],
[-0.142148,0.119618,-0.007934],
[-0.122875,0.211689,-0.000436],
[-0.103099,0.150372,-0.063820],
[-0.084011,0.122397,-0.026880],
[-0.091752,0.058141,0.018016],
[-0.122997,0.056607,0.020205],
[-0.143807,0.058160,0.015152],
[-0.082975,0.149033,-0.025392],
[-0.100665,0.018615,0.058942],
[-0.123089,0.016291,0.053555],
[-0.147309,0.018596,0.056544],
[-0.147480,0.012821,0.065522],
[-0.157149,0.016365,0.070544],
[-0.140894,0.003871,0.080112],
[-0.151267,0.067281,0.030444],
[-0.156339,0.024025,0.062603],
[-0.090966,0.024148,0.065907],
[-0.101416,0.012835,0.067892],
[-0.123561,0.009757,0.062694],
[-0.124384,0.003627,0.078650],
[-0.125129,0.001455,0.093080],
[-0.145385,0.001033,0.086432],
[-0.125270,-0.002068,0.100828],
[-0.140503,-0.000110,0.095038],
[-0.154386,0.001069,0.087047],
[-0.141724,0.003655,0.107508],
[-0.139544,0.002114,0.107208],
[-0.126445,0.002050,0.118569],
[-0.112246,0.002114,0.108617],
[-0.126622,0.006506,0.122010],
[-0.110108,0.003655,0.109139],
[-0.145079,0.001707,0.117517],
[-0.126693,0.003569,0.123373],
[-0.133916,0.000690,0.152218],
[-0.129567,0.004156,0.126653],
[-0.128270,0.002714,0.153926],
[-0.122164,0.000691,0.152825],
[-0.124172,0.004156,0.126931],
[-0.120748,-0.001556,0.145421],
[-0.120777,0.001020,0.130564],
[-0.107801,0.001707,0.119441],
[-0.109239,0.003342,0.121202],
[-0.111844,0.000884,0.127091],
[-0.112444,-0.000920,0.144478],
[-0.109436,0.001812,0.148302],
[-0.101467,0.002780,0.132422],
[-0.093837,0.001430,0.126526],
[-0.095430,-0.001060,0.125582],
[-0.096192,-0.000459,0.116296],
[-0.094452,0.001844,0.113039],
[-0.102130,-0.000476,0.120612],
[-0.099523,0.000169,0.128104],
[-0.104966,0.002533,0.120247],
[-0.108114,0.003871,0.081804],
[-0.104296,0.001033,0.088553],
[-0.109522,-0.000110,0.096637],
[-0.049003,0.120142,0.624316],
[-0.040524,0.051822,0.622585],
[-0.042177,0.077235,0.611367],
[-0.044403,0.100253,0.609560],
[-0.037021,0.041602,0.594952],
[-0.039465,0.042730,0.628291],
[-0.039785,0.071025,0.598902],
[-0.037431,0.101624,0.593130],
[-0.039550,0.117444,0.591167],
[-0.037053,0.141207,0.597753],
[-0.046695,0.144277,0.629983],
[-0.036250,0.200833,0.615936],
[-0.035094,0.072230,0.589550],
[-0.042807,0.200773,0.572693],
[-0.035090,0.091937,0.589698],
[-0.044416,0.070883,0.580579],
[-0.045051,0.090645,0.574505],
[-0.050052,0.039258,0.586645],
[-0.034824,0.022946,0.598633],
[-0.025333,0.018856,0.630556],
[-0.023741,0.015313,0.653802],
[-0.028864,-0.000125,0.650216],
[-0.028615,0.030963,0.646801],
[-0.038178,0.042874,0.647083],
[-0.065598,0.052043,0.642074],
[-0.065580,0.059150,0.637633],
[-0.070822,0.120951,0.637097],
[-0.071390,0.145822,0.643662],
[-0.104295,0.145236,0.622379],
[-0.093510,0.119876,0.618848],
[-0.090245,0.051361,0.622757],
[-0.091205,0.042311,0.628206],
[-0.095203,0.043958,0.646175],
[-0.107040,0.019007,0.630444],
[-0.103896,0.031531,0.645891],
[-0.106929,0.016156,0.653957],
[-0.101599,0.000122,0.630801],
[-0.097061,0.041467,0.594862],
[-0.099351,0.022700,0.598619],
[-0.095721,0.001350,0.618441],
[-0.084541,0.002498,0.644298],
[-0.087497,0.003367,0.644951],
[-0.091738,0.004001,0.657261],
[-0.093507,0.001164,0.652803],
[-0.097580,-0.000184,0.650031],
[-0.099267,0.002401,0.650843],
[-0.096304,0.000162,0.640515],
[-0.090431,0.000281,0.645264],
[-0.097920,0.002430,0.637009],
[-0.101806,0.000621,0.650816],
[-0.096121,0.027665,0.675615],
[-0.092561,0.027229,0.669678],
[-0.091301,0.028563,0.678493],
[-0.068361,0.026350,0.690833],
[-0.069325,0.033083,0.685950],
[-0.065335,0.023833,0.685957],
[-0.065335,0.052816,0.668919],
[-0.103760,0.025363,0.659156],
[-0.095727,0.030127,0.671315],
[-0.095457,0.042330,0.651980],
[-0.088996,0.033064,0.676645],
[-0.042157,0.032400,0.675818],
[-0.037787,0.041718,0.654614],
[-0.065335,0.053056,0.660654],
[-0.026906,0.024299,0.659443],
[-0.034916,0.028599,0.671942],
[-0.060767,0.031704,0.685722],
[-0.039369,0.026980,0.678800],
[-0.038109,0.025905,0.669947],
[-0.034549,0.026175,0.675875],
[-0.041790,0.005603,0.665444],
[-0.046453,0.000273,0.675323],
[-0.062771,0.024621,0.690947],
[-0.065335,0.003786,0.678423],
[-0.028481,0.311677,0.684214],
[-0.006463,0.281724,0.652156],
[0.008124,0.279935,0.584455],
[0.020477,0.281556,0.650449],
[0.006463,0.281724,0.652156],
[0.000000,0.283168,0.653437],
[-0.154205,0.000173,0.125282],
[-0.158017,-0.001060,0.122351],
[-0.156303,-0.000459,0.113193],
[-0.150841,-0.000476,0.118098],
[-0.147983,0.002533,0.118027],
[-0.157698,0.001844,0.109775],
[-0.159699,0.001430,0.123126],
[-0.152716,0.002805,0.129774],
[-0.160955,-0.000227,0.103503],
[-0.162159,-0.000300,0.122924],
[-0.155423,0.001588,0.140968],
[-0.154169,0.025035,0.142425],
[-0.157922,0.025294,0.148018],
[-0.167310,0.014712,0.126146],
[-0.166245,0.018139,0.103410],
[-0.130484,0.023679,0.164197],
[-0.131868,-0.000340,0.157063],
[-0.153389,0.026087,0.151077],
[-0.156115,0.040208,0.125532],
[-0.157329,0.027807,0.143935],
[-0.164509,0.023516,0.131605],
[-0.163985,0.029882,0.118901],
[-0.155581,0.041952,0.119958],
[-0.127308,0.050947,0.135289],
[-0.125994,0.049990,0.104873],
[-0.100250,0.041511,0.123066],
[-0.150344,0.038657,0.092153],
[-0.150243,0.042773,0.080293],
[-0.125240,0.056000,0.091337],
[-0.097590,0.085739,0.058757],
[-0.125325,0.093362,0.067083],
[-0.098803,0.043066,0.082483],
[-0.099932,0.039063,0.094404],
[-0.086957,0.018155,0.107672],
[-0.151881,0.082779,0.051214],
[-0.141282,0.120477,0.031399],
[-0.130345,0.124267,0.044141],
[-0.103261,0.121807,0.039355],
[-0.144639,0.143898,0.036907],
[-0.132041,0.144320,0.055768],
[-0.101950,0.142271,0.049955],
[-0.084822,0.115335,0.003735],
[-0.087492,0.188242,0.095373],
[-0.120255,0.185216,0.106408],
[-0.117900,0.232998,0.155514],
[-0.116259,0.286503,0.196263],
[-0.075579,0.232014,0.142544],
[-0.065531,0.277482,0.172864],
[-0.054670,0.296857,0.188582],
[-0.105288,0.430623,0.455097],
[-0.101094,0.380572,0.473027],
[-0.101722,0.388176,0.532348],
[-0.103053,0.428077,0.393655],
[-0.097629,0.368555,0.412085],
[-0.098113,0.430958,0.326360],
[-0.091216,0.357392,0.335638],
[-0.095483,0.428387,0.254468],
[-0.085692,0.353509,0.264883],
[-0.063196,0.295921,0.270305],
[0.000000,0.286210,0.182439],
[-0.066087,0.310699,0.422540],
[-0.055590,0.313208,0.491657],
[-0.064502,0.302011,0.344151],
[-0.075897,0.335265,0.533983],
[-0.067092,0.211897,0.552765],
[-0.069887,0.280166,0.533189],
[-0.070924,0.292938,0.534956],
[-0.097138,0.298867,0.555601],
[-0.107859,0.343226,0.561794],
[-0.127496,0.345034,0.594748],
[-0.126305,0.302641,0.595893],
[-0.084030,0.039219,0.586627],
[-0.093227,0.117294,0.567871],
[-0.071978,0.116792,0.563770],
[-0.090829,0.143476,0.564729],
[-0.068490,0.142472,0.560318],
[-0.089647,0.214743,0.557451],
[-0.093553,0.274203,0.555390],
[-0.122084,0.265451,0.593357],
[-0.054618,0.063542,0.582086],
[-0.061464,0.072239,0.576561],
[-0.065384,0.038910,0.581851],
[-0.063091,0.100656,0.571531],
[-0.048018,0.140872,0.567852],
[-0.052101,0.117314,0.567871],
[-0.053690,0.100020,0.569559],
[-0.065335,0.017488,0.587668],
[-0.049356,0.020125,0.592377],
[-0.065335,0.003974,0.607896],
[-0.084819,0.019813,0.592391],
[-0.082223,0.004150,0.610389],
[-0.065335,0.001892,0.622772],
[-0.044166,0.001475,0.616832],
[-0.048447,0.004395,0.610099],
[-0.034949,0.003873,0.616084],
[-0.049047,0.003944,0.633290],
[-0.046129,0.001939,0.643754],
[-0.065335,0.004209,0.649042],
[-0.062556,0.004757,0.652494],
[-0.086504,0.001297,0.617300],
[-0.065335,-0.001601,0.630903],
[-0.049879,0.000267,0.625629],
[-0.051271,0.002363,0.632875],
[-0.065335,0.007222,0.647603],
[-0.065335,0.002588,0.644127],
[-0.079399,0.002600,0.633392],
[-0.080791,0.000302,0.626172],
[-0.081623,0.004197,0.633772],
[-0.068114,0.004956,0.652610],
[-0.071228,0.002386,0.679356],
[-0.084392,0.003524,0.673962],
[-0.081098,0.000592,0.670287],
[-0.072291,-0.000273,0.671697],
[-0.080792,0.001885,0.652395],
[-0.083156,0.004234,0.646135],
[-0.086754,0.002380,0.676271],
[-0.071796,0.001794,0.656219],
[-0.070161,0.001440,0.684246],
[-0.059119,0.000964,0.678849],
[-0.060648,0.000314,0.683859],
[-0.046278,0.002045,0.673500],
[-0.049572,-0.000765,0.669729],
[-0.047514,0.003621,0.645640],
[-0.058056,-0.001255,0.671215],
[-0.058874,0.001570,0.656080],
[-0.038932,0.003042,0.656758],
[-0.037163,0.000357,0.652218],
[-0.033090,-0.000907,0.649408],
[-0.043173,0.002789,0.644432],
[-0.029071,0.002308,0.630061],
[-0.036743,0.001761,0.668470],
[-0.031403,0.001653,0.650294],
[-0.034366,-0.000288,0.639905],
[-0.040239,-0.000306,0.644656],
[-0.032750,0.002081,0.636467],
[-0.029568,0.625356,-0.097193],
[0.000000,0.637372,-0.094649],
[0.000000,0.708182,-0.164901],
[0.000000,0.592027,-0.020294],
[-0.032755,0.576729,-0.024852],
[-0.039399,0.602783,-0.110492],
[-0.029259,0.699000,-0.170987],
[-0.038201,0.684184,-0.189766],
[-0.024146,0.779601,-0.237006],
[-0.031810,0.766902,-0.253101],
[-0.019517,0.856700,-0.294600],
[0.000000,0.862853,-0.290522],
[0.000000,0.916997,-0.336833],
[0.000000,0.787471,-0.231790],
[-0.012710,0.912813,-0.339606],
[-0.025508,0.846773,-0.307183],
[-0.020896,0.758717,-0.268147],
[-0.025469,0.674634,-0.207318],
[-0.025386,0.586227,-0.124658],
[-0.044284,0.543957,-0.036585],
[-0.028334,0.515632,-0.046271],
[-0.016785,0.906061,-0.348163],
[-0.016977,0.840374,-0.318945],
[-0.010983,0.901710,-0.356162],
[0.000000,0.672173,-0.212803],
[0.000000,0.919792,-0.353864],
[0.000000,0.583091,0.014142],
[-0.039067,0.566884,0.009063],
[0.045288,0.575140,0.053769],
[0.039067,0.566884,0.009063],
[0.000000,0.588147,0.055827],
[0.000000,0.592776,0.092798],
[0.000000,0.595377,0.147223],
[-0.036208,0.584796,0.229227],
[0.000000,0.593654,0.222983],
[-0.035806,0.577757,0.295417],
[-0.078691,0.525481,0.483877],
[-0.041242,0.553205,0.465116],
[-0.040767,0.559251,0.413333],
[-0.080297,0.524253,0.423928],
[-0.038319,0.568389,0.355047],
[-0.077816,0.532272,0.363495],
[-0.072192,0.535032,0.302282],
[-0.070762,0.536933,0.231820],
[-0.102154,0.476030,0.438384],
[-0.100853,0.483901,0.379595],
[-0.097258,0.482537,0.314646],
[-0.092463,0.482116,0.240098],
[-0.095926,0.491769,0.193758],
[-0.106594,0.435547,0.515016],
[-0.075673,0.392637,0.748665],
[-0.103608,0.429336,0.733405],
[-0.107776,0.364886,0.710977],
[-0.123156,0.405798,0.669537],
[-0.111240,0.467995,0.701700],
[-0.126509,0.408857,0.609031],
[-0.118315,0.466568,0.615910],
[-0.112073,0.446227,0.560035],
[-0.115555,0.394847,0.560001],
[-0.124642,0.341835,0.645375],
[-0.119494,0.301289,0.637258],
[-0.105459,0.325197,0.688728],
[-0.092205,0.290555,0.667317],
[-0.115974,0.265108,0.632132],
[-0.085442,0.256632,0.658947],
[-0.112330,0.213952,0.627258],
[-0.076424,0.210893,0.652187],
[-0.051900,0.204666,0.640515],
[-0.056360,0.244876,0.652545],
[-0.057501,0.273094,0.665065],
[-0.056396,0.304127,0.691942],
[-0.070605,0.336772,0.717518],
[-0.034033,0.237613,0.631502],
[-0.029581,0.260891,0.642285],
[-0.020477,0.281556,0.650449],
[-0.033930,0.263491,0.575586],
[-0.039531,0.239320,0.572867],
[-0.034455,0.421424,0.783806],
[-0.037003,0.378359,0.756273],
[-0.031351,0.325418,0.707973],
[0.000000,0.303193,0.690822],
[-0.063018,0.443250,0.770883],
[-0.033918,0.451159,0.814711],
[-0.061186,0.468794,0.802596],
[-0.035762,0.463034,0.839910],
[-0.066291,0.474405,0.836753],
[-0.087449,0.496155,0.795464],
[-0.095964,0.499122,0.832658],
[-0.106730,0.527473,0.824167],
[-0.098089,0.522628,0.788800],
[-0.103644,0.563008,0.822329],
[-0.085630,0.470357,0.758065],
[-0.095092,0.495184,0.739081],
[-0.080986,0.521346,0.723652],
[-0.082197,0.521001,0.670460],
[-0.101259,0.515705,0.601645],
[-0.101657,0.497942,0.545735],
[-0.103076,0.482480,0.498283],
[-0.055605,0.553562,0.688044],
[-0.049467,0.575567,0.640713],
[-0.064628,0.565288,0.592622],
[-0.073790,0.541520,0.539770],
[-0.026794,0.570753,0.686130],
[-0.032274,0.592881,0.739973],
[0.000000,0.596990,0.731164],
[-0.023791,0.565118,0.637409],
[-0.033752,0.572907,0.578385],
[-0.038450,0.556264,0.517836],
[0.000000,0.564570,0.574575],
[0.000000,0.559792,0.511637],
[0.000000,0.563479,0.629423],
[0.000000,0.575855,0.682283],
[0.026794,0.570753,0.686130],
[0.032274,0.592881,0.739973],
[0.055605,0.553562,0.688045],
[0.063416,0.571958,0.757812],
[0.049467,0.575567,0.640713],
[0.080987,0.521346,0.723652],
[0.023791,0.565118,0.637409],
[0.033752,0.572907,0.578385],
[0.082197,0.521001,0.670460],
[0.095092,0.495184,0.739081],
[0.064628,0.565288,0.592622],
[0.038450,0.556264,0.517836],
[0.000000,0.564460,0.460093],
[0.041242,0.553205,0.465116],
[0.000000,0.571832,0.406951],
[0.040789,0.559251,0.413333],
[0.087449,0.496155,0.795464],
[0.085630,0.470357,0.758065],
[0.111240,0.467995,0.701700],
[0.101259,0.515705,0.601645],
[0.073791,0.541520,0.539770],
[0.078691,0.525481,0.483877],
[0.106594,0.435547,0.515016],
[0.112073,0.446227,0.560035],
[0.115555,0.394847,0.560001],
[0.126509,0.408857,0.609031],
[0.118316,0.466568,0.615910],
[0.101657,0.497942,0.545735],
[0.103077,0.482480,0.498283],
[0.080344,0.524253,0.423928],
[0.102208,0.476030,0.438384],
[0.078360,0.532272,0.363495],
[0.038488,0.568389,0.355047],
[0.036245,0.577757,0.295417],
[0.074141,0.535032,0.302282],
[0.101330,0.483901,0.379595],
[0.036568,0.584796,0.229227],
[0.072711,0.536933,0.231820],
[0.039228,0.585821,0.152889],
[0.000000,0.578212,0.353179],
[0.000000,0.587101,0.291473],
[0.039228,0.581339,0.094585],
[0.090336,0.548535,0.103149],
[0.083477,0.537783,0.046699],
[0.112319,0.481515,0.044620],
[0.092578,0.478264,-0.021432],
[0.129416,0.416836,0.054430],
[0.106921,0.410533,-0.010444],
[0.136542,0.363802,0.063123],
[0.112587,0.360073,0.000270],
[0.058393,0.523958,-0.008919],
[0.052404,0.476652,-0.055549],
[0.068324,0.410550,-0.054990],
[0.071766,0.350611,-0.044042],
[0.117772,0.305628,0.012279],
[0.036102,0.439811,-0.049881],
[0.021785,0.421401,-0.037123],
[0.025472,0.441840,-0.040225],
[0.017461,0.447308,-0.050458],
[0.000000,0.422437,-0.038038],
[0.000000,0.341009,-0.006062],
[0.080372,0.302627,-0.028470],
[0.119963,0.265910,0.008569],
[0.095584,0.261333,-0.027662],
[0.033753,0.466584,-0.047170],
[0.025961,0.473242,-0.042256],
[0.017905,0.463998,-0.053655],
[0.000000,0.507991,-0.042652],
[0.008732,0.498493,-0.043835],
[0.000000,0.503264,-0.044613],
[0.001857,0.498723,-0.041769],
[0.000000,0.499244,-0.041916],
[0.000000,0.485464,-0.040877],
[0.000000,0.468212,-0.054138],
[0.000000,0.479741,-0.043224],
[-0.077015,0.253436,0.020992],
[-0.081148,0.209008,0.012151],
[-0.097851,0.218648,-0.032752],
[-0.082032,0.145206,0.013397],
[-0.055035,0.294296,0.007906],
[-0.039133,0.279481,0.091924],
[-0.058720,0.231415,0.075893],
[-0.071298,0.195962,0.053129],
[-0.025472,0.441840,-0.040225],
[-0.021785,0.421401,-0.037123],
[-0.071766,0.350611,-0.044042],
[-0.080372,0.302627,-0.028470],
[-0.095584,0.261333,-0.027662],
[0.000000,0.441506,-0.042893],
[-0.017461,0.447308,-0.050458],
[0.000000,0.444325,-0.052871],
[-0.017905,0.463998,-0.053655],
[-0.115478,0.214052,0.589475],
[-0.109719,0.143185,0.588499],
[-0.101328,0.117231,0.586442],
[-0.100856,0.628255,0.847739],
[-0.099516,0.628743,0.830740],
[-0.094604,0.595000,0.825854],
[-0.086774,0.656515,0.841477],
[-0.095885,0.656138,0.852994],
[-0.083043,0.674227,0.858351],
[-0.095155,0.674984,0.865990],
[-0.091698,0.698012,0.884593],
[-0.074325,0.675291,0.856784],
[-0.073062,0.656893,0.833480],
[-0.084230,0.635272,0.807398],
[-0.093626,0.595734,0.791968],
[-0.089343,0.549982,0.782604],
[-0.063508,0.677091,0.861440],
[-0.078372,0.683312,0.866924],
[-0.050798,0.658738,0.833536],
[-0.039711,0.658730,0.852482],
[-0.050370,0.658722,0.876956],
[-0.058730,0.676876,0.872727],
[-0.070643,0.684344,0.869622],
[-0.074411,0.692414,0.879136],
[-0.061471,0.678204,0.882604],
[-0.079852,0.700577,0.889141],
[-0.086632,0.691097,0.875733],
[-0.058631,0.657940,0.875927],
[-0.068651,0.677549,0.881646],
[-0.092939,0.675072,0.866659],
[-0.087364,0.605535,0.848278],
[-0.093144,0.628254,0.848408],
[-0.103378,0.586211,0.856822],
[-0.107810,0.564259,0.854452],
[-0.107993,0.536620,0.856255],
[-0.015737,0.511380,0.919432],
[0.027584,0.480750,0.908928],
[0.029932,0.481730,0.906794],
[0.027613,0.489143,0.907347],
[0.023561,0.488345,0.914601],
[0.024556,0.490110,0.915544],
[0.023772,0.480032,0.912524],
[0.020865,0.477566,0.919577],
[0.021095,0.485380,0.923614],
[0.020162,0.490400,0.923640],
[0.000452,0.487042,0.931874],
[0.009335,0.486936,0.930755],
[0.005014,0.487083,0.931583],
[0.008882,0.486855,0.931697],
[0.000743,0.482343,0.928169],
[0.003590,0.482318,0.927934],
[0.008323,0.476376,0.926440],
[0.008350,0.482400,0.927564],
[0.014211,0.476377,0.924473],
[0.013316,0.482803,0.924920],
[0.100183,0.018597,0.148280],
[0.101930,0.019298,0.148725],
[0.099745,0.026143,0.134503],
[0.098700,0.031151,0.137544],
[0.099631,0.021247,0.149889],
[0.101378,0.021947,0.150333],
[0.103047,0.027468,0.135343],
[0.102001,0.032476,0.138383],
[0.125884,0.020507,0.162582],
[0.125831,0.023228,0.164278],
[0.127715,0.020463,0.162557],
[0.128520,0.028702,0.149193],
[0.128422,0.033844,0.152399],
[0.127663,0.023183,0.164253],
[0.124960,0.033929,0.152447],
[0.125059,0.028788,0.149242],
[0.130014,0.020507,0.164152],
[0.129961,0.023228,0.165848],
[0.131845,0.020463,0.164127],
[0.132650,0.028702,0.150763],
[0.132552,0.033844,0.153969],
[0.131793,0.023183,0.165823],
[0.129090,0.033930,0.154017],
[0.129188,0.028788,0.150812],
[0.157584,0.019685,0.148072],
[0.154222,0.026075,0.133622],
[0.157578,0.024584,0.132689],
[0.157132,0.017060,0.146478],
[0.155356,0.017848,0.146972],
[0.158433,0.029545,0.135702],
[0.155078,0.031035,0.136635],
[0.155808,0.020473,0.148566],
[0.036096,0.025242,0.659520],
[0.039512,0.026709,0.660366],
[0.038387,0.019387,0.674224],
[0.035362,0.029683,0.662002],
[0.036579,0.018611,0.673776],
[0.036191,0.020961,0.675090],
[0.037999,0.021737,0.675537],
[0.038778,0.031151,0.662848],
[0.064386,0.025491,0.689577],
[0.062541,0.025381,0.689519],
[0.065079,0.030394,0.674303],
[0.065311,0.035034,0.676976],
[0.064264,0.023035,0.688163],
[0.061825,0.034829,0.676866],
[0.061593,0.030189,0.674193],
[0.062419,0.022926,0.688105],
[0.068516,0.023569,0.691307],
[0.065722,0.028267,0.675923],
[0.069209,0.028472,0.676033],
[0.069441,0.033112,0.678706],
[0.068393,0.021114,0.689893],
[0.066671,0.023459,0.691249],
[0.065954,0.032908,0.678596],
[0.066549,0.021004,0.689834],
[0.094102,0.018691,0.673819],
[0.094726,0.021101,0.675165],
[0.094510,0.025374,0.659591],
[0.095691,0.029928,0.662134],
[0.092986,0.021668,0.675500],
[0.092402,0.031002,0.662769],
[0.091221,0.026448,0.660226],
[0.092362,0.019259,0.674155],
[0.049003,0.120142,0.624316],
[0.044403,0.100253,0.609560],
[0.042177,0.077235,0.611367],
[0.040524,0.051823,0.622584],
[0.039465,0.042731,0.628291],
[0.037021,0.041602,0.594952],
[0.039785,0.071025,0.598902],
[0.037431,0.101625,0.593130],
[0.039550,0.117445,0.591167],
[0.037053,0.141207,0.597753],
[0.046695,0.144277,0.629983],
[0.036250,0.200833,0.615936],
[0.035094,0.072230,0.589550],
[0.048018,0.140872,0.567852],
[0.035090,0.091937,0.589698],
[0.044416,0.070883,0.580579],
[0.054618,0.063542,0.582086],
[0.045051,0.090645,0.574505],
[0.034824,0.022946,0.598633],
[0.025333,0.018856,0.630556],
[0.038178,0.042874,0.647083],
[0.028615,0.030963,0.646801],
[0.037788,0.041718,0.654614],
[0.026906,0.024299,0.659443],
[0.034916,0.028599,0.671942],
[0.034549,0.026175,0.675875],
[0.023741,0.015313,0.653802],
[0.049356,0.020125,0.592377],
[0.036744,0.001761,0.668470],
[0.041791,0.005603,0.665444],
[0.038109,0.025905,0.669947],
[0.039369,0.026980,0.678800],
[0.062771,0.024531,0.690953],
[0.065335,0.022905,0.685998],
[0.068361,0.024531,0.690953],
[0.069325,0.031396,0.686256],
[0.065335,0.052145,0.669398],
[0.088996,0.031560,0.676968],
[0.042157,0.032400,0.675818],
[0.060767,0.031621,0.685737],
[0.091301,0.027009,0.678686],
[0.095457,0.041533,0.652580],
[0.065335,0.052577,0.661080],
[0.065598,0.051846,0.642424],
[0.095203,0.043328,0.646824],
[0.103896,0.030914,0.646183],
[0.103760,0.024367,0.659264],
[0.095728,0.028779,0.671556],
[0.090245,0.051367,0.622842],
[0.065580,0.059132,0.637689],
[0.091205,0.042249,0.628567],
[0.107040,0.018839,0.630381],
[0.106929,0.015313,0.653802],
[0.096121,0.026193,0.675782],
[0.092561,0.025928,0.669835],
[0.093926,0.001815,0.668402],
[0.088880,0.006894,0.665119],
[0.091738,0.003068,0.656755],
[0.099267,0.001654,0.650294],
[0.101806,-0.000125,0.650216],
[0.101599,-0.000048,0.630195],
[0.095721,0.001512,0.617941],
[0.099351,0.022946,0.598633],
[0.097061,0.041602,0.594952],
[0.097580,-0.000907,0.649408],
[0.096304,-0.000288,0.639905],
[0.097920,0.002081,0.636467],
[0.084541,0.001939,0.643754],
[0.081623,0.003944,0.633290],
[0.087497,0.002789,0.644432],
[0.090431,-0.000306,0.644656],
[0.093507,0.000361,0.652217],
[0.065335,0.006874,0.647393],
[0.065335,0.002292,0.643847],
[0.079399,0.002359,0.632866],
[0.065335,0.003853,0.648796],
[0.068114,0.004457,0.652320],
[0.047514,0.003621,0.645640],
[0.062556,0.004457,0.652320],
[0.058874,0.001232,0.655872],
[0.046129,0.001939,0.643754],
[0.049047,0.003944,0.633290],
[0.051271,0.002359,0.632866],
[0.065335,-0.001683,0.630608],
[0.080791,0.000267,0.625629],
[0.058056,-0.001419,0.671139],
[0.059119,0.000891,0.678823],
[0.071228,0.000891,0.678823],
[0.065335,0.002971,0.678160],
[0.060648,-0.000169,0.683693],
[0.049572,-0.000765,0.669729],
[0.038932,0.003042,0.656758],
[0.043173,0.002789,0.644432],
[0.046453,0.000273,0.675323],
[0.034949,0.003873,0.616084],
[0.034366,-0.000288,0.639905],
[0.040239,-0.000306,0.644656],
[0.037163,0.000357,0.652218],
[0.033090,-0.000907,0.649408],
[0.031403,0.001654,0.650294],
[0.032750,0.002081,0.636467],
[0.028864,-0.000125,0.650216],
[0.029071,0.002308,0.630061],
[0.032460,0.490630,0.911148],
[0.032758,0.481841,0.911095],
[0.021350,0.474344,0.919333],
[0.035752,0.491047,0.906428],
[0.036515,0.485363,0.908901],
[0.039894,0.490750,0.903130],
[0.041201,0.487288,0.904324],
[0.042480,0.484901,0.901858],
[0.050248,0.480041,0.892863],
[0.029836,0.467053,0.877065],
[0.044525,0.488616,0.903502],
[0.060531,0.489768,0.896619],
[0.058437,0.476442,0.879673],
[0.000000,0.463099,0.857611],
[0.079206,0.493697,0.885346],
[-0.079206,0.493697,0.885346],
[-0.095418,0.499187,0.862848],
[-0.063066,0.473027,0.859581],
[-0.093681,0.539089,0.884004],
[-0.083633,0.517295,0.895988],
[-0.068832,0.506128,0.904171],
[-0.062543,0.523955,0.917943],
[-0.051739,0.512121,0.921361],
[-0.049555,0.501946,0.921942],
[-0.039566,0.523852,0.930703],
[-0.044517,0.531227,0.926361],
[-0.024734,0.544564,0.916441],
[-0.026477,0.543011,0.916041],
[-0.023345,0.539542,0.922526],
[-0.020185,0.542870,0.924015],
[-0.023818,0.535506,0.924229],
[-0.026834,0.551429,0.916425],
[-0.025774,0.546715,0.913954],
[-0.027570,0.544739,0.913519],
[-0.032224,0.545480,0.914860],
[-0.030407,0.541228,0.917163],
[-0.045879,0.538628,0.920548],
[-0.045254,0.543051,0.913250],
[-0.056955,0.548680,0.908286],
[-0.045936,0.540745,0.908442],
[-0.031652,0.543896,0.908516],
[-0.026138,0.543948,0.907725],
[-0.024335,0.546275,0.907951],
[-0.023132,0.550899,0.909225],
[-0.023291,0.562014,0.910263],
[-0.028212,0.559800,0.917681],
[-0.038399,0.574877,0.909864],
[-0.041918,0.570561,0.915579],
[-0.057183,0.576214,0.899042],
[-0.055611,0.571466,0.906311],
[-0.063871,0.561550,0.898860],
[-0.061075,0.561134,0.906454],
[-0.059377,0.546976,0.903612],
[0.120748,-0.001556,0.145421],
[0.120777,0.001020,0.130564],
[0.124172,0.004156,0.126931],
[0.122164,0.000691,0.152825],
[0.126693,0.003569,0.123373],
[0.143037,-0.000871,0.142849],
[0.146422,0.001876,0.146331],
[0.133916,0.000690,0.152218],
[0.124701,-0.000340,0.157433],
[0.112444,-0.000920,0.144478],
[0.109239,0.003342,0.121202],
[0.107801,0.001707,0.119441],
[0.104677,0.005272,0.140709],
[0.099930,0.001536,0.143899],
[0.101467,0.002780,0.132422],
[0.093837,0.001430,0.126526],
[0.095430,-0.001060,0.125582],
[0.094452,0.001844,0.113039],
[0.096192,-0.000459,0.116296],
[0.099523,0.000169,0.128104],
[0.104966,0.002533,0.120247],
[0.110108,0.003655,0.109139],
[0.102130,-0.000476,0.120612],
[0.104297,0.001033,0.088553],
[0.109522,-0.000110,0.096637],
[0.125270,-0.002068,0.100828],
[0.112246,0.002114,0.108617],
[0.126622,0.006506,0.122010],
[0.126445,0.002050,0.118569],
[0.141724,0.003655,0.107507],
[0.139544,0.002114,0.107208],
[0.140503,-0.000110,0.095038],
[0.145385,0.001033,0.086432],
[0.125129,0.001455,0.093080],
[0.108114,0.003871,0.081804],
[0.091752,0.058141,0.018016],
[0.084011,0.122397,-0.026880],
[0.103778,0.135342,-0.064655],
[0.100665,0.018615,0.058942],
[0.101416,0.012835,0.067892],
[0.124385,0.003627,0.078650],
[0.140894,0.003871,0.080112],
[0.123089,0.016291,0.053555],
[0.122997,0.056607,0.020204],
[0.125333,0.150633,-0.037315],
[0.124163,0.121612,-0.035016],
[0.143807,0.058161,0.015152],
[0.147309,0.018596,0.056544],
[0.147480,0.012821,0.065521],
[0.123561,0.009757,0.062694],
[0.157149,0.016365,0.070544],
[0.154386,0.001069,0.087047],
[0.166245,0.018139,0.103410],
[0.155581,0.041952,0.119958],
[0.156115,0.040208,0.125532],
[0.163985,0.029882,0.118901],
[0.150344,0.038657,0.092153],
[0.156340,0.024025,0.062603],
[0.151268,0.067281,0.030444],
[0.142148,0.119618,-0.007934],
[0.145231,0.147575,-0.004373],
[0.140823,0.202625,0.043883],
[0.141551,0.259373,0.065677],
[0.139715,0.244884,0.125962],
[0.136715,0.192736,0.076758],
[0.144639,0.143898,0.036907],
[0.141282,0.120477,0.031399],
[0.151881,0.082779,0.051214],
[0.150243,0.042773,0.080293],
[0.125240,0.056000,0.091337],
[0.065532,0.277482,0.172864],
[0.116259,0.286503,0.196263],
[0.098341,0.347819,0.212912],
[0.144363,0.304571,0.157733],
[0.117900,0.232998,0.155514],
[0.120255,0.185216,0.106408],
[0.132041,0.144320,0.055768],
[0.075579,0.232014,0.142544],
[0.087492,0.188242,0.095373],
[0.101950,0.142271,0.049955],
[0.071298,0.195962,0.053129],
[0.054670,0.296857,0.188582],
[0.063196,0.295921,0.270305],
[0.085692,0.353509,0.264883],
[0.064502,0.302011,0.344151],
[0.095951,0.427772,0.214796],
[0.022240,0.296419,0.090672],
[0.091216,0.357392,0.335638],
[0.095896,0.428387,0.254468],
[0.096613,0.491769,0.193758],
[0.066087,0.310699,0.422540],
[0.097629,0.368555,0.412085],
[0.055590,0.313208,0.491657],
[0.098618,0.430958,0.326360],
[0.094411,0.482116,0.240098],
[0.081403,0.546869,0.157532],
[0.101094,0.380572,0.473027],
[0.103116,0.428077,0.393655],
[0.099207,0.482537,0.314646],
[0.105288,0.430623,0.455097],
[0.101722,0.388176,0.532348],
[0.075897,0.335265,0.533983],
[0.107859,0.343226,0.561794],
[0.097138,0.298867,0.555601],
[0.070924,0.292938,0.534956],
[0.126305,0.302641,0.595893],
[0.122084,0.265451,0.593357],
[0.127496,0.345034,0.594748],
[0.103608,0.429336,0.733405],
[0.123156,0.405798,0.669537],
[0.124642,0.341835,0.645375],
[0.119494,0.301289,0.637258],
[0.105460,0.325197,0.688728],
[0.092205,0.290555,0.667318],
[0.056396,0.304127,0.691942],
[0.107776,0.364886,0.710977],
[0.057501,0.273094,0.665065],
[0.029581,0.260891,0.642285],
[0.022371,0.283187,0.581346],
[0.033930,0.263491,0.575586],
[0.039531,0.239320,0.572867],
[0.034033,0.237613,0.631502],
[0.056360,0.244876,0.652545],
[0.085442,0.256632,0.658947],
[0.115974,0.265108,0.632132],
[0.112330,0.213952,0.627258],
[0.076424,0.210893,0.652187],
[0.051900,0.204666,0.640515],
[0.071390,0.145822,0.643662],
[0.104295,0.145236,0.622379],
[0.109719,0.143185,0.588499],
[0.115478,0.214053,0.589475],
[0.090829,0.143476,0.564729],
[0.089647,0.214743,0.557451],
[0.068490,0.142472,0.560318],
[0.101328,0.117231,0.586442],
[0.093227,0.117294,0.567871],
[0.071978,0.116792,0.563770],
[0.084030,0.039258,0.586645],
[0.086504,0.001475,0.616832],
[0.082223,0.004395,0.610099],
[0.084819,0.020125,0.592377],
[0.065384,0.038910,0.581851],
[0.063091,0.100656,0.571531],
[0.065335,0.017667,0.587649],
[0.061464,0.072239,0.576561],
[0.052101,0.117314,0.567871],
[0.053690,0.100020,0.569559],
[0.050052,0.039258,0.586645],
[0.065335,0.004143,0.607721],
[0.065335,0.001909,0.622590],
[0.044166,0.001475,0.616832],
[0.048447,0.004395,0.610099],
[0.049879,0.000267,0.625629],
[0.100249,0.040387,0.130394],
[0.090956,0.029929,0.123273],
[0.089931,0.023450,0.135628],
[0.098330,0.027633,0.147357],
[0.100250,0.041511,0.123066],
[0.086957,0.018155,0.107672],
[0.086577,0.014712,0.130313],
[0.098171,0.025276,0.151192],
[0.101329,0.025013,0.145260],
[0.102996,0.026059,0.153789],
[0.105552,0.031329,0.150756],
[0.124110,0.030573,0.159450],
[0.127725,0.050528,0.143362],
[0.128662,0.022097,0.161531],
[0.132441,0.030354,0.159525],
[0.151067,0.030512,0.149525],
[0.127124,0.023679,0.164370],
[0.130484,0.023679,0.164197],
[0.128270,0.002714,0.153926],
[0.153390,0.026087,0.151077],
[0.127308,0.050947,0.135289],
[0.099932,0.039063,0.094404],
[0.125994,0.049990,0.104873],
[0.154169,0.025036,0.142425],
[0.157329,0.027807,0.143935],
[0.098803,0.043066,0.082483],
[0.090974,0.016459,0.073904],
[0.095314,0.003365,0.088289],
[0.090560,0.002064,0.107006],
[0.091369,-0.000300,0.126577],
[0.090966,0.024148,0.065907],
[0.097590,0.085739,0.058757],
[0.089478,0.070046,0.037540],
[0.125325,0.093362,0.067083],
[0.130345,0.124267,0.044141],
[0.103262,0.121807,0.039355],
[0.160955,-0.000227,0.103503],
[0.167310,0.014712,0.126146],
[0.164509,0.023516,0.131605],
[0.157922,0.025294,0.148018],
[0.155423,0.001588,0.140968],
[0.162159,-0.000300,0.122924],
[0.159699,0.001430,0.123126],
[0.157699,0.001844,0.109775],
[0.156303,-0.000459,0.113193],
[0.147983,0.002533,0.118027],
[0.150841,-0.000476,0.118098],
[0.154205,0.000173,0.125282],
[0.152716,0.002805,0.129774],
[0.158017,-0.001060,0.122351],
[0.129567,0.004156,0.126653],
[0.134563,-0.001594,0.144713],
[0.141846,0.000884,0.125542],
[0.133318,0.001020,0.129916],
[0.143830,0.003342,0.119416],
[0.131868,-0.000340,0.157063],
[0.148828,0.000699,0.148420],
[0.081148,0.209008,0.012151],
[0.082975,0.149033,-0.025392],
[0.084822,0.115335,0.003735],
[0.082032,0.145206,0.013397],
[0.097851,0.218648,-0.032752],
[0.122875,0.211689,-0.000436],
[0.103099,0.150372,-0.063820],
[0.136009,0.310889,0.073633],
[0.120530,0.492458,0.154213],
[0.131191,0.429177,0.178254],
[0.142545,0.364635,0.179035],
[0.077015,0.253436,0.020992],
[0.055035,0.294296,0.007906],
[0.039133,0.279481,0.091924],
[0.058720,0.231415,0.075893],
[0.093510,0.119876,0.618848],
[0.070822,0.120951,0.637097],
[0.036222,0.608996,0.812719],
[0.033089,0.604172,0.818217],
[0.053919,0.593748,0.816296],
[0.047371,0.596641,0.804772],
[0.053052,0.583997,0.802882],
[0.076344,0.599619,0.807587],
[0.071558,0.622247,0.839233],
[0.054751,0.614456,0.805808],
[0.042066,0.629218,0.840712],
[0.048088,0.635161,0.817770],
[0.075541,0.635992,0.815726],
[0.091944,0.594970,0.826001],
[0.092121,0.629276,0.830749],
[0.084997,0.655048,0.842840],
[0.072288,0.654556,0.834719],
[0.051465,0.656201,0.834503],
[0.042729,0.638989,0.843174],
[0.072355,0.618005,0.856329],
[0.054697,0.628515,0.859013],
[0.039168,0.635250,0.859752],
[0.050969,0.655414,0.852687],
[0.064494,0.674607,0.862264],
[0.068326,0.676240,0.872114],
[0.058631,0.657940,0.875927],
[0.074201,0.673010,0.858285],
[0.082154,0.672327,0.860033],
[0.092939,0.675072,0.866659],
[0.086298,0.688909,0.877313],
[0.079770,0.692510,0.878870],
[0.072711,0.681979,0.869169],
[0.079500,0.681048,0.866922],
[-0.038393,0.508447,0.850369],
[0.013838,0.505851,0.947647],
[0.012150,0.506681,0.947089],
[0.010481,0.507772,0.951328],
[0.010595,0.507868,0.952081],
[0.017057,0.508274,0.947300],
[0.009116,0.513522,0.951314],
[0.009457,0.511556,0.946130],
[0.006602,0.510906,0.945843],
[0.003858,0.507618,0.945617],
[0.005718,0.508726,0.949447],
[0.004380,0.511670,0.952013],
[0.014822,0.478463,0.935845],
[0.013110,0.487988,0.944418],
[0.002573,0.486017,0.942430],
[0.023491,0.491187,0.945636],
[0.005267,0.496540,0.946730],
[0.027460,0.499854,0.945737],
[0.038551,0.499020,0.936530],
[0.031325,0.478783,0.928159],
[0.051739,0.512121,0.921361],
[0.049555,0.501946,0.921942],
[0.042487,0.488050,0.918523],
[0.043224,0.490192,0.910432],
[0.054138,0.497968,0.908208],
[0.031351,0.325418,0.707973],
[0.070605,0.336772,0.717518],
[0.075673,0.392637,0.748665],
[0.037003,0.378359,0.756273],
[0.034455,0.421392,0.779155],
[0.063018,0.443250,0.770883],
[0.033918,0.451159,0.814711],
[0.061186,0.468794,0.802596],
[0.035762,0.463034,0.839910],
[0.066291,0.474405,0.836753],
[0.000000,0.407281,0.790898],
[0.000000,0.370124,0.761273],
[0.000000,0.317003,0.709620],
[0.028481,0.311677,0.684214],
[0.095964,0.499122,0.832658],
[0.106730,0.527473,0.824167],
[0.098089,0.522628,0.788800],
[0.089343,0.549982,0.782604],
[0.103644,0.563008,0.822329],
[0.107810,0.564259,0.854452],
[0.095418,0.499187,0.862848],
[0.063066,0.473027,0.859581],
[0.100857,0.628255,0.847739],
[0.093144,0.628254,0.848408],
[0.087365,0.605535,0.848278],
[0.094604,0.595000,0.825854],
[0.103378,0.586211,0.856822],
[0.093626,0.595734,0.791968],
[0.062670,0.614989,0.784539],
[0.029399,0.622722,0.774263],
[0.022515,0.641951,0.803574],
[0.046825,0.645339,0.804897],
[0.088572,0.635272,0.809134],
[0.099517,0.628743,0.830740],
[0.000000,0.627700,0.773489],
[0.000000,0.644547,0.800126],
[0.019186,0.641639,0.842290],
[0.000000,0.643021,0.840879],
[-0.019186,0.641639,0.842290],
[-0.022515,0.641951,0.803574],
[-0.029399,0.622722,0.774263],
[-0.025207,0.643663,0.842176],
[-0.048429,0.645339,0.802599],
[-0.062670,0.614989,0.784539],
[-0.063416,0.571958,0.757812],
[0.068832,0.506128,0.904171],
[0.083633,0.517295,0.895988],
[0.093681,0.539089,0.884004],
[0.096608,0.569740,0.879123],
[0.077677,0.566059,0.892515],
[0.072070,0.604157,0.882089],
[0.107994,0.536620,0.856255],
[0.060893,0.613364,0.873307],
[0.045764,0.620904,0.876901],
[0.062085,0.545563,0.910818],
[0.024194,0.638730,0.868332],
[0.045254,0.543051,0.913250],
[0.056955,0.548680,0.908286],
[0.061442,0.561231,0.907090],
[0.055979,0.571563,0.906946],
[0.041918,0.570561,0.915223],
[0.057400,0.546076,0.903617],
[0.045728,0.540696,0.908447],
[0.062718,0.561157,0.897358],
[0.057165,0.575621,0.899981],
[0.039268,0.574249,0.909569],
[0.023568,0.550884,0.908354],
[0.024072,0.546295,0.907957],
[0.026055,0.544210,0.907730],
[0.030565,0.543902,0.908522],
[-0.100249,0.040387,0.130394],
[-0.098330,0.027633,0.147357],
[-0.089931,0.023450,0.135628],
[-0.090956,0.029929,0.123273],
[-0.105552,0.031329,0.150756],
[-0.127724,0.050528,0.143362],
[-0.086576,0.014712,0.130313],
[-0.098171,0.025276,0.151192],
[-0.101329,0.025013,0.145261],
[-0.102996,0.026059,0.153789],
[-0.124110,0.030573,0.159450],
[-0.128662,0.022097,0.161531],
[-0.132441,0.030354,0.159525],
[-0.151067,0.030512,0.149525],
[-0.127124,0.023679,0.164370],
[-0.099930,0.001536,0.143899],
[-0.104677,0.005272,0.140709],
[-0.109697,0.000089,0.150063],
[-0.124701,-0.000340,0.157433],
[-0.089478,0.070046,0.037540],
[-0.090974,0.016459,0.073904],
[-0.090560,0.002064,0.107006],
[-0.095314,0.003365,0.088289],
[-0.091369,-0.000300,0.126577],
[-0.099745,0.026143,0.134504],
[-0.101930,0.019298,0.148725],
[-0.098700,0.031151,0.137544],
[-0.100183,0.018597,0.148280],
[-0.099631,0.021247,0.149889],
[-0.101378,0.021947,0.150333],
[-0.102001,0.032476,0.138383],
[-0.103046,0.027468,0.135343],
[-0.125884,0.020507,0.162582],
[-0.128520,0.028702,0.149193],
[-0.127715,0.020463,0.162557],
[-0.124960,0.033929,0.152447],
[-0.128422,0.033844,0.152399],
[-0.127663,0.023183,0.164253],
[-0.125059,0.028788,0.149242],
[-0.125831,0.023228,0.164278],
[-0.131845,0.020463,0.164127],
[-0.132650,0.028702,0.150763],
[-0.129188,0.028788,0.150812],
[-0.131792,0.023183,0.165823],
[-0.132552,0.033844,0.153969],
[-0.129961,0.023228,0.165848],
[-0.130014,0.020507,0.164152],
[-0.129090,0.033930,0.154017],
[-0.155808,0.020473,0.148566],
[-0.157584,0.019685,0.148073],
[-0.157577,0.024584,0.132689],
[-0.155356,0.017848,0.146972],
[-0.157132,0.017060,0.146478],
[-0.155078,0.031035,0.136635],
[-0.158433,0.029545,0.135702],
[-0.154222,0.026075,0.133622],
[-0.037999,0.021737,0.675537],
[-0.038387,0.019387,0.674224],
[-0.036096,0.025242,0.659520],
[-0.036579,0.018611,0.673776],
[-0.036191,0.020961,0.675090],
[-0.035362,0.029683,0.662002],
[-0.038778,0.031151,0.662848],
[-0.039512,0.026709,0.660366],
[-0.064386,0.025490,0.689577],
[-0.062541,0.025381,0.689519],
[0.032820,0.492692,0.903136],
[0.034392,0.492780,0.900641],
[0.078373,0.683312,0.866924],
[0.074325,0.675291,0.856784],
[0.063508,0.677092,0.861440],
[0.095155,0.674984,0.865990],
[0.083043,0.674227,0.858351],
[0.061472,0.678204,0.882604],
[0.050370,0.658722,0.876956],
[0.079852,0.700577,0.889141],
[0.068651,0.677549,0.881646],
[0.091698,0.698012,0.884593],
[0.083315,0.697776,0.888019],
[0.089516,0.696958,0.884740],
[0.095885,0.656138,0.852994],
[0.058731,0.676876,0.872727],
[0.074411,0.692414,0.879136],
[0.070643,0.684344,0.869622],
[0.031177,0.636005,0.865749],
[0.039711,0.658730,0.852482],
[0.086632,0.691097,0.875733],
[0.086774,0.656516,0.841477],
[0.073063,0.656893,0.833480],
[0.050798,0.658738,0.833536],
[0.025208,0.643662,0.842176],
[0.093541,0.656137,0.853663],
[0.055044,0.534222,0.865207],
[0.060476,0.532655,0.892136],
[0.038313,0.527072,0.867667],
[0.020606,0.531226,0.870178],
[0.023298,0.529420,0.897503],
[0.008686,0.545099,0.871778],
[0.010430,0.544397,0.899231],
[0.008724,0.564144,0.899317],
[0.007106,0.563391,0.871858],
[0.018833,0.581120,0.897729],
[0.016470,0.579116,0.870387],
[0.033702,0.556578,0.847980],
[0.033200,0.586267,0.867926],
[0.050908,0.582112,0.865416],
[0.062828,0.568239,0.863815],
[0.064408,0.549947,0.863735],
[0.036895,0.588839,0.895072],
[0.068879,0.569378,0.890634],
[0.070585,0.549630,0.890548],
[-0.032649,0.540183,0.910603],
[-0.024796,0.549339,0.911758],
[-0.040252,0.553855,0.909312],
[-0.039772,0.559071,0.909326],
[-0.023755,0.561413,0.911823],
[-0.040548,0.563035,0.909159],
[-0.029925,0.571789,0.910775],
[-0.042196,0.564807,0.908881],
[-0.040947,0.576505,0.909013],
[-0.052609,0.573760,0.907211],
[-0.044113,0.563513,0.908597],
[-0.045570,0.559637,0.908415],
[-0.060458,0.564605,0.906056],
[-0.045993,0.554637,0.908407],
[-0.061498,0.552536,0.905991],
[-0.045268,0.550299,0.908571],
[-0.055333,0.542161,0.907038],
[-0.043608,0.548700,0.908848],
[-0.044314,0.537441,0.908800],
[-0.041702,0.550053,0.909130],
[0.039399,0.602783,-0.110492],
[0.029568,0.625356,-0.097193],
[0.032755,0.576729,-0.024852],
[0.029259,0.699000,-0.170987],
[0.038201,0.684184,-0.189766],
[0.024146,0.779601,-0.237006],
[0.031810,0.766902,-0.253101],
[0.019517,0.856700,-0.294600],
[0.012710,0.912813,-0.339606],
[0.025508,0.846773,-0.307183],
[0.020896,0.758717,-0.268147],
[0.025469,0.674634,-0.207318],
[0.025386,0.586227,-0.124658],
[0.044284,0.543957,-0.036585],
[0.028334,0.515632,-0.046271],
[0.000000,0.583398,-0.125669],
[0.000000,0.517059,-0.050514],
[0.016785,0.906061,-0.348163],
[0.016977,0.840374,-0.318945],
[0.000000,0.756607,-0.272848],
[0.000000,0.838725,-0.322619],
[0.010983,0.901710,-0.356162],
[0.000000,0.900588,-0.358661],
[0.069887,0.280166,0.533190],
[0.093553,0.274203,0.555390],
[0.067092,0.211897,0.552765],
[0.042807,0.200773,0.572693],
[0.000000,0.285097,0.267639],
[0.000000,0.289263,0.352467],
[0.000000,0.296678,0.432109],
[0.000000,0.294277,0.508399],
[0.000000,0.278174,0.586936],
[-0.024899,0.507998,0.914949],
[-0.141845,0.000884,0.125542],
[-0.133317,0.001020,0.129916],
[-0.134563,-0.001594,0.144713],
[-0.143036,-0.000871,0.142849],
[-0.146422,0.001876,0.146331],
[-0.143830,0.003342,0.119416],
[-0.148828,0.000699,0.148420],
[0.084392,0.002110,0.673436],
[0.083156,0.003621,0.645640],
[0.080792,0.001092,0.651830],
[0.071796,0.001232,0.655872],
[0.086754,0.000900,0.675710],
[0.072291,-0.001458,0.671144],
[0.081098,-0.000714,0.669678],
[-0.036638,0.486454,0.888226],
[0.109697,0.000089,0.150063],
[0.035945,0.466764,0.860661],
[0.000000,0.458677,0.841721],
[0.000000,0.439931,0.819488],
[-0.031177,0.636005,0.865749],
[-0.024194,0.638730,0.868332],
[-0.039026,0.505680,0.870024],
[0.070161,-0.000169,0.683693],
[0.049878,0.001092,0.651830],
[0.046278,0.002045,0.673500],
[-0.031072,0.498233,0.893920],
[0.000000,0.297222,0.095847],
[0.033893,0.349947,-0.019369],
[-0.033892,0.349947,-0.019369],
[-0.022240,0.296419,0.090672],
[-0.039868,0.493842,0.866170],
[0.029362,0.498982,-0.040975],
[-0.017191,0.479155,0.893490],
[-0.026378,0.480340,0.898411],
[0.145079,0.001707,0.117517],
[0.150360,0.006526,0.138034],
[-0.011958,0.470684,0.915691],
[0.111844,0.000884,0.127091],
[0.109436,0.001812,0.148302],
[0.000000,0.470013,0.921264],
[0.000000,0.494721,0.928310],
[0.000000,0.512760,0.923067],
[0.000000,0.475777,0.890221],
[0.006341,0.496218,0.924619],
[0.015737,0.511380,0.919433],
[-0.019946,0.484636,0.838460],
[0.014821,0.530400,0.860878],
[-0.035387,0.492415,0.849503],
[0.000000,0.513535,0.826333],
[0.019580,0.512958,0.831960],
[-0.019580,0.512958,0.831960],
[0.000000,0.533196,0.860453],
[0.000000,0.482809,0.832952],
[-0.035590,0.517593,0.871404],
[-0.014821,0.525126,0.903236],
[-0.014821,0.530400,0.860878],
[0.019946,0.484636,0.838460],
[-0.013228,0.496491,0.921146],
[0.035387,0.492415,0.849503],
[0.011958,0.470684,0.915691],
[0.017191,0.479155,0.893490],
[-0.008124,0.279935,0.584455],
[-0.022371,0.283187,0.581346],
[0.019404,0.474029,0.909763],
[-0.150360,0.006526,0.138034],
[0.036638,0.486454,0.888226],
[-0.049878,0.001092,0.651830],
[0.038393,0.508447,0.850369],
[0.039869,0.493842,0.866170],
[-0.088880,0.008066,0.665511],
[-0.093926,0.003084,0.668939],
[0.026378,0.480340,0.898411],
[0.018103,0.477155,0.922055],
[0.053538,0.657635,0.872006],
[0.035392,0.635437,0.857637],
[0.062052,0.617181,0.867883],
[0.076435,0.651241,0.879887],
[0.066615,0.676905,0.879527],
[0.081006,0.671245,0.881494],
[0.081287,0.696441,0.886063],
[0.086141,0.696305,0.884325],
[0.089448,0.692009,0.883024],
[0.092188,0.667592,0.863195],
[0.094462,0.644488,0.852128],
[0.088875,0.604935,0.840891],
[0.015775,0.482642,0.922491],
[0.039026,0.505680,0.870024],
[0.022217,0.497232,0.909661],
[0.024899,0.507998,0.914949],
[0.027580,0.498891,0.901575],
[0.011852,0.483738,0.838233],
[0.014821,0.525126,0.903236],
[0.035590,0.517593,0.871404],
[0.031031,0.514655,0.904191],
[0.000000,0.528753,0.902004],
[0.006173,0.477800,0.923176],
[0.022186,0.491489,0.915415],
[0.022565,0.486169,0.917672],
[0.016087,0.483309,0.921481],
[0.015969,0.478127,0.918671],
[0.012469,0.477833,0.920807],
[-0.015969,0.478127,0.918671],
[-0.016278,0.490014,0.923158],
[-0.031886,0.493050,0.898681],
[-0.030314,0.492963,0.901177],
[-0.030709,0.490512,0.900562],
[-0.026138,0.489434,0.906171],
[-0.025333,0.489777,0.907565],
[-0.022223,0.490468,0.915946],
[-0.021373,0.479955,0.910255],
[-0.022590,0.486169,0.917645],
[-0.022186,0.491489,0.915415],
[-0.003405,0.482626,0.926452],
[-0.007811,0.482315,0.926014],
[-0.008483,0.488164,0.927565],
[-0.004161,0.488311,0.928393],
[-0.012878,0.483165,0.923024],
[0.000250,0.477427,0.924703],
[-0.003917,0.477394,0.924350],
[-0.007296,0.477477,0.923255],
[-0.007509,0.483074,0.925643],
[-0.006173,0.477800,0.923176],
[-0.011759,0.477984,0.920451],
[0.031557,0.490106,0.899161],
[0.030314,0.492963,0.901177],
[0.025328,0.485275,0.907261],
[0.027277,0.481645,0.904283],
[0.024929,0.480665,0.906417],
[0.026138,0.489434,0.906171],
[0.025333,0.489777,0.907565],
[0.026548,0.492318,0.905872],
[0.020816,0.483104,0.911717],
[0.021373,0.479955,0.910255],
[0.004161,0.488311,0.928393],
[0.007811,0.482315,0.926014],
[0.008703,0.482782,0.924376],
[0.006789,0.488503,0.927267],
[0.012881,0.489096,0.925204],
[0.003399,0.482953,0.926032],
[0.003628,0.483028,0.926347],
[0.003001,0.477366,0.924216],
[0.008624,0.476194,0.927199],
[0.009481,0.482698,0.926726],
[-0.013268,0.483072,0.923202],
[-0.012469,0.477833,0.920807],
[0.018830,0.486075,0.919950],
[0.017031,0.491359,0.918566],
[0.000000,0.479260,0.838420],
[-0.011852,0.483738,0.838233],
[0.017203,0.505284,0.857028],
[-0.031557,0.490106,0.899161],
[-0.033066,0.489941,0.900403],
[-0.034392,0.492780,0.900641],
[-0.026993,0.485342,0.908763],
[-0.027584,0.480750,0.908928],
[-0.024929,0.480665,0.906417],
[-0.026548,0.492318,0.905872],
[-0.027613,0.489143,0.907347],
[-0.028998,0.491845,0.907726],
[-0.023287,0.489729,0.916785],
[-0.022295,0.488434,0.915005],
[-0.019252,0.479069,0.912183],
[-0.021117,0.483295,0.914303],
[-0.017031,0.491359,0.918566],
[-0.018854,0.486075,0.919924],
[-0.021115,0.485380,0.923592],
[-0.020975,0.477566,0.919458],
[-0.000646,0.482087,0.928472],
[-0.000558,0.482777,0.926583],
[-0.000321,0.488173,0.928774],
[-0.005014,0.487083,0.931583],
[-0.004650,0.481739,0.928530],
[-0.006789,0.488503,0.927267],
[-0.008703,0.482782,0.924376],
[-0.000552,0.482978,0.926267],
[-0.003001,0.477366,0.924216],
[-0.009481,0.482698,0.926726],
[0.031886,0.493050,0.898681],
[0.033066,0.489941,0.900403],
[0.028998,0.491845,0.907726],
[0.022774,0.488143,0.915310],
[0.023287,0.489729,0.916785],
[0.022223,0.490468,0.915946],
[0.021651,0.479147,0.914452],
[0.021117,0.483295,0.914303],
[0.019612,0.483235,0.912947],
[0.019252,0.479069,0.912183],
[0.000321,0.488173,0.928774],
[0.004650,0.481739,0.928530],
[0.010058,0.481781,0.927060],
[-0.000250,0.477427,0.924703],
[0.014692,0.498946,0.891566],
[0.017154,0.502545,0.857670],
[-0.017154,0.502545,0.857670],
[0.000000,0.501002,0.857127],
[-0.017203,0.505284,0.857028],
[-0.014532,0.501725,0.893360],
[0.014532,0.501725,0.893360],
[0.014603,0.476860,0.924191],
[0.014987,0.482289,0.925926],
[0.013268,0.483072,0.923202],
[0.015167,0.489920,0.923836],
[0.012968,0.479759,0.843505],
[0.000000,0.485800,0.863182],
[0.000000,0.473016,0.847980],
[-0.012968,0.479759,0.843505],
[0.000000,0.497777,0.899315],
[-0.014692,0.498946,0.891566],
[0.000000,0.486900,0.895472],
[0.000000,0.482707,0.929838],
[0.000000,0.480938,0.928656],
[0.015671,0.484411,0.923661],
[0.023358,0.480897,0.908556],
[0.004122,0.476309,0.927436],
[0.003917,0.477394,0.924350],
[0.007509,0.483074,0.925643],
[0.007296,0.477477,0.923255],
[0.011748,0.483784,0.922492],
[0.011759,0.477984,0.920451],
[0.016278,0.490014,0.923158],
[0.017805,0.482526,0.924206],
[-0.033941,0.483749,0.903107],
[-0.022978,0.488765,0.911039],
[-0.022318,0.491642,0.912485],
[-0.024556,0.490110,0.915544],
[-0.023491,0.490849,0.914705],
[-0.023083,0.488636,0.914296],
[-0.003399,0.482953,0.926032],
[-0.004122,0.476309,0.927436],
[-0.008323,0.476376,0.926440],
[0.029806,0.489437,0.905407],
[0.030019,0.492337,0.907425],
[0.027513,0.492607,0.905465],
[0.031287,0.483663,0.900596],
[0.024768,0.491169,0.914339],
[0.022318,0.491642,0.912485],
[0.023491,0.490849,0.914705],
[-0.025344,0.485543,0.910460],
[-0.021489,0.477842,0.917371],
[-0.024851,0.485474,0.921312],
[-0.003493,0.481936,0.928342],
[-0.004619,0.486824,0.931674],
[-0.004488,0.487956,0.928574],
[-0.008546,0.481549,0.927946],
[-0.009335,0.486936,0.930755],
[-0.014974,0.487448,0.929634],
[-0.012881,0.489096,0.925204],
[0.004488,0.487956,0.928574],
[0.004619,0.486824,0.931674],
[0.003493,0.481936,0.928342],
[0.008483,0.488164,0.927565],
[0.012878,0.483165,0.923024],
[0.014974,0.487448,0.929634],
[0.027394,0.481856,0.909193],
[0.025317,0.490529,0.920489],
[0.024830,0.485474,0.921335],
[0.025756,0.480974,0.910825],
[-0.030515,0.490120,0.904500],
[-0.032218,0.490347,0.901804],
[-0.029886,0.487917,0.902248],
[0.021824,0.486669,0.911201],
[0.021105,0.486391,0.911991],
[-0.029501,0.488258,0.901873],
[-0.029007,0.490286,0.903258],
[0.024996,0.481779,0.906924],
[-0.030153,0.488248,0.901005],
[-0.030538,0.487908,0.901379],
[-0.030019,0.492337,0.907425],
[0.025344,0.485543,0.910460],
[-0.029806,0.489437,0.905407],
[0.023840,0.485482,0.909103],
[-0.028297,0.489603,0.904165],
[-0.027513,0.492607,0.905465],
[-0.031415,0.492514,0.905459],
[-0.032820,0.492692,0.903136],
[0.022260,0.487100,0.911656],
[0.024610,0.484301,0.911039],
[0.023106,0.484241,0.909683],
[-0.028909,0.492784,0.903499],
[0.021542,0.486822,0.912447],
[0.023671,0.491881,0.910570],
[0.025030,0.492141,0.908309],
[0.027480,0.491668,0.910163],
[0.026121,0.491407,0.912424],
[0.025160,0.489166,0.911365],
[-0.028258,0.489553,0.905833],
[0.024093,0.487547,0.908722],
[-0.026981,0.488768,0.906204],
[-0.028326,0.485196,0.907403],
[-0.029194,0.486389,0.903649],
[-0.030007,0.487763,0.903007],
[-0.032128,0.482773,0.904914],
[-0.031672,0.487829,0.904509],
[-0.031287,0.483663,0.900596],
[0.024453,0.488473,0.912215],
[0.022978,0.488765,0.911039],
[0.024722,0.487566,0.907870],
[-0.027463,0.489245,0.906709],
[-0.027775,0.489076,0.905329],
[0.023685,0.489458,0.910190],
[-0.030859,0.486455,0.905151],
[0.024460,0.487179,0.909060],
[0.025090,0.487198,0.908209],
[-0.027277,0.481645,0.904283],
[-0.029474,0.482687,0.902403],
[0.026809,0.489486,0.908741],
[0.026661,0.485130,0.905901],
[-0.026808,0.489486,0.908741],
[0.029474,0.482687,0.902403],
[-0.024460,0.487179,0.909060],
[-0.023685,0.489458,0.910190],
[0.030859,0.486455,0.905151],
[0.027463,0.489245,0.906709],
[-0.024093,0.487547,0.908722],
[-0.024768,0.491169,0.914339],
[0.033941,0.483749,0.903107],
[0.031672,0.487829,0.904509],
[-0.024453,0.488473,0.912215],
[0.032128,0.482773,0.904914],
[0.030007,0.487763,0.903007],
[0.026981,0.488768,0.906204],
[-0.025090,0.487198,0.908209],
[-0.024722,0.487566,0.907870],
[-0.026121,0.491407,0.912424],
[0.027775,0.489076,0.905329],
[-0.027480,0.491668,0.910163],
[-0.025160,0.489166,0.911365],
[-0.023671,0.491881,0.910570],
[0.029194,0.486389,0.903649],
[-0.025030,0.492141,0.908309],
[0.028258,0.489553,0.905833],
[-0.022260,0.487100,0.911656],
[0.028326,0.485196,0.907403],
[0.028909,0.492784,0.903499],
[0.031415,0.492514,0.905459],
[-0.023106,0.484241,0.909683],
[-0.021824,0.486669,0.911201],
[-0.021542,0.486822,0.912447],
[-0.022321,0.483164,0.913074],
[-0.021105,0.486391,0.911991],
[0.030153,0.488248,0.901005],
[-0.023840,0.485482,0.909103],
[-0.024610,0.484301,0.911039],
[0.028297,0.489603,0.904165],
[0.029007,0.490286,0.903258],
[-0.027394,0.481856,0.909193],
[-0.025756,0.480974,0.910825],
[0.030515,0.490120,0.904500],
[0.032218,0.490347,0.901804],
[-0.023358,0.480897,0.908556],
[-0.024996,0.481779,0.906924],
[0.029501,0.488258,0.901873],
[-0.023772,0.480032,0.912524],
[-0.020816,0.483104,0.911717],
[0.029886,0.487917,0.902248],
[0.030538,0.487908,0.901379],
[-0.016087,0.483309,0.921481],
[-0.017805,0.482526,0.924206],
[0.015844,0.489611,0.924910],
[0.016956,0.489705,0.924232],
[0.007913,0.483679,0.924299],
[0.004470,0.482353,0.928269],
[0.000552,0.482978,0.926267],
[0.014232,0.482164,0.925709],
[0.003915,0.482505,0.926599],
[0.008546,0.481549,0.927946],
[0.003405,0.482626,0.926452],
[0.000646,0.482087,0.928472],
[0.000558,0.482777,0.926583],
[0.021379,0.477842,0.917490],
[0.022173,0.477598,0.918777],
[0.020071,0.477809,0.918290],
[0.022321,0.483164,0.913074],
[0.023083,0.488636,0.914296],
[0.022296,0.488434,0.915005],
[0.026993,0.485342,0.908763],
[0.030709,0.490512,0.900562],
[-0.016956,0.489705,0.924232],
[-0.015167,0.489920,0.923836],
[-0.007913,0.483679,0.924299],
[-0.011748,0.483784,0.922492],
[-0.013316,0.482803,0.924920],
[-0.003628,0.483028,0.926347],
[-0.008350,0.482400,0.927564],
[-0.000743,0.482343,0.928169],
[-0.014232,0.482164,0.925709],
[-0.003915,0.482505,0.926599],
[-0.020181,0.477809,0.918171],
[-0.022283,0.477598,0.918658],
[-0.019612,0.483235,0.912947],
[-0.022774,0.488143,0.915310],
[-0.023561,0.488345,0.914601],
[-0.026661,0.485130,0.905901],
[-0.025328,0.485275,0.907261]]